1444040223 30
1444044135 252050
1444051442 252038
1444053403 254358
1444121766 72708
1444122335 72726
1444122533 72663
1444123228 72667
1444125418 72546
1444127560 72531
1444128010 72533
1444128095 75560
1444133618 74567
1444134213 74567
1444142115 74618
1444209339 74913
1444210172 74915
1444217231 74976
1444233977 75083
1444310133 72149
1444386666 73752
1444391437 74173
1444399533 73988
1444400984 74208
1444404297 74216
1444661830 74410
1444728271 74107
1444748497 73988
1444817214 74075
1444820066 74316
1444825432 74244
1444828227 74466
1444833473 74832
1444833532 74298
1444895458 74389
1444922285 74553
1444978664 74579
1444979287 74579
1444999121 74579
1444999333 74834
1445006888 74638
1445008187 74642
1445248031 74655
1445249944 74797
1445253579 74821
1445255320 74833
1445262833 74864
1445268991 74907
1445329766 74876
1445335106 74801
1445339028 74804
1445341096 74804
1445348822 74838
1445349369 74839
1445417595 74848
1445419594 75013
1445420185 75010
1445421582 75023
1445423541 75034
1445425957 75035
1445427175 75086
1445427698 75088
1445435799 75205
1445439379 75206
1445443766 75223
1445503074 75213
1445513135 75267
1445514567 75268
1445515816 75369
1445516392 75356
1445518960 75350
1445519017 75350
1445519092 73739
1445520051 73754
1445523905 73599
1445524642 73592
1445584631 73849
1445587685 73867
1445851475 73973
1445851645 74086
1445854403 74116
1445859199 74115
1445859227 74128
1446117308 74051
1446128161 74605
1446129351 74730
1446130639 74778
1446132121 74778
1446136119 74804
1446193575 74825
1446200343 74901
1446201409 74955
1446201477 74955
1446204182 74808
1446205957 74829
1446206092 74830
1446206192 74830
1446207396 74913
1446209645 74948
1446209934 74952
1446455097 74979
1446457453 75012
1446460958 75010
1446463260 75010
1446467946 75359
1446470550 75359
1446470569 75390
1446471680 75593
1446471753 75602
1446472924 75609
1446474102 75745
1446476341 75769
1446479972 75792
1446482229 76207
1446483164 76184
1446541972 76206
1446545127 76216
1446551425 76278
1446558486 76275
1446560341 76302
1446563919 76358
1446564336 76357
1446566524 76311
1446624407 76310
1446626125 76310
1446627232 76319
1446630528 76265
1446632828 76280
1446637822 76280
1446638480 76282
1446639696 76311
1446641453 76338
1446642760 76335
1446649962 76374
1446653787 76486
1446654217 76488
1446717259 76490
1446718332 76545
1446719877 76526
1446721688 76552
1446722642 76573
1446725935 76728
1446726577 76731
1446728064 76731
1446731626 76731
1446732878 76789
1446738902 76831
1446798987 76829
1446809459 76821
1446817465 77183
1446821367 77228
1446827185 77272
1447065090 77422
1447066373 77530
1447080953 79321
1447082763 79309
1447083354 79319
1447086445 79328
1447087267 79328
1447150144 79398
1447253590 79438
1447253597 80068
1447256394 80088
1447256407 80087
1447313861 80091
1447316557 80097
1447320814 80106
1447320821 79901
1447320832 80036
1447322837 80043
1447322846 80060
1447336551 80072
1447336738 80076
1447336745 80091
1447341906 80093
1447341915 80077
1447342976 80076
1447668827 80082
1447668846 80723
1447669112 80723
1447671208 80746
1447671437 80727
1447671446 80750
1447672162 80753
1447672688 80754
1447672920 80753
1447675264 80759
1447675501 80753
1447676113 80759
1447678032 80762
1447680742 80777
1447681166 80781
1447681543 80783
1447682438 80818
1447683812 80834
1447684124 80836
1447685078 80836
1447687108 80847
1447687218 80889
1447687975 80889
1447690355 80919
1447690767 80920
1447842250 80989
1447843916 80995
1447844799 80998
1447845298 80998
1447846605 80999
1447855518 81056
1447855798 81030
1447865060 81030
1447926445 81030
1447927916 81039
1447928716 81041
1447939588 81041
1447940242 81043
1447941027 81121
1447941620 81122
1447949219 81212
1448014522 81260
1448267072 81278
1448296071 81335
1448360957 81337
1448369167 81432
1448369174 81471
1448371257 81484
1448371266 81661
1448373607 82173
1448381669 82264
1448442824 82264
1448444286 82264
1448445854 82267
1448450791 82268
1448450923 82227
1448452127 82227
1448452711 82289
1448466693 82286
1448528449 82294
1448534367 82314
1448536987 82239
1448541116 81568
1448545168 81583
1448545176 81569
1448545600 81726
1448550927 81727
1448554420 81744
1448611984 81743
1448618112 81752
1448618784 81779
1448622990 81809
1448628760 82001
1448629485 82002
1448629504 82006
1448633762 82006
1448634034 82006
1448634508 82006
1448635369 81999
1448635511 81999
1448820522 82111
1448876518 82111
1448876526 82121
1448879738 82211
1448883504 82211
1448884443 82211
1448885944 82211
1448886137 82211
1448962677 82207
1448962693 72794
1448974224 72827
1448975559 72840
1448975623 72840
1448976010 72844
1448979913 72839
1448982036 72843
1448982897 72875
1448982912 72875
1448985539 72925
1448986195 72925
1449045221 72925
1449046649 72978
1449048592 72979
1449050441 72981
1449052242 73038
1449053185 73041
1449053200 72787
1449055410 72786
1449055546 72791
1449055949 70611
1449056108 70613
1449059445 70617
1449059454 70599
1449060245 70600
1449063021 70627
1449063461 70627
1449064783 70629
1449067416 70629
1449067424 70628
1449069297 70766
1449074009 70822
1449074028 71000
1449144775 71010
1449145584 71011
1449145640 71009
1449145974 71007
1449146910 71011
1449146919 71011
1449147696 71055
1449152669 71070
1449152687 71070
1449153226 71071
1449153234 71071
1449153383 71071
1449154784 71071
1449156913 71071
1449157381 71077
1449158247 71073
1449218696 71069
1449224095 71074
1449224344 71080
1449237064 71092
1449239885 71092
1449242206 71092
1449481459 71096
1449487259 71123
1449487610 71126
1449487977 71126
1449489091 71125
1449489851 71130
1449491750 71208
1449492099 71210
1449500757 71214
1449505436 71215
1449579046 71246
1449579054 71304
1449579561 71307
1449582197 71309
1449583247 71309
1449585304 71336
1449588078 71350
1449588099 71351
1449588163 71380
1449588171 71380
1449588826 71383
1449588955 71384
1449589109 71384
1449590082 71423
1449593251 71423
1449652293 71428
1449652307 71438
1449663589 71441
1449663597 71441
1449664322 71445
1449665122 71445
1449668011 71449
1449668020 71590
1449668504 71588
1449672990 71582
1449673005 71636
1449675172 71637
1449675737 71629
1449735323 71638
1449735829 71636
1449737159 71370
1449738699 71392
1449741330 71355
1449741717 71356
1449743839 71380
1449745515 71382
1449746895 71399
1449747001 71467
1449747862 71478
1449753424 71493
1449753433 71565
1449753938 71566
1449761880 71567
1449764423 71637
1449766737 71635
1449767151 71635
1449823129 71643
1449842851 71648
1449843442 71861
1449855817 71869
1450089930 71872
1450089938 72308
1450093348 72306
1450097559 72314
1450097571 72491
1450097926 72496
1450098398 72520
1450098497 72527
1450101418 72585
1450103217 72594
1450103896 72596
1450105079 72598
1450105913 72603
1450129809 72612
1450168579 72612
1450217982 72612
1450271198 72612
1450271208 72554
1450271453 72565
1450271530 72568
1450271675 72585
1450272061 72634
1450272540 72639
1450272629 72635
1450275356 72725
1450275527 72725
1450279939 72725
1450279952 72555
1450345070 72574
1450346421 72576
1450352443 72577
1450357815 72639
1450358897 72644
1450358903 72647
1450358905 72647
1450360896 72651
1450363265 72671
1450363274 72673
1450429438 72701
1450431879 72767
1450433533 72769
1450436028 72066
1450436919 72062
1450443639 72055
1450692563 72055
1450693598 72065
1450693930 72061
1450694951 72061
1450709130 72034
1450782987 72034
1450784270 72038
1450788830 72107
1450797161 72130
1450823776 72280
1450824155 72276
1451896369 72277
1451907482 72367
1451907888 72353
1451983215 72353
1451985778 72467
1451988514 72475
1451990260 72502
1451996611 72504
1452093132 72512
1452180649 72654
1452253424 72644
1452254286 72644
1452607798 72666
1452676098 73059
1452676118 73150
1452680095 73207
1452700439 73211
1452701223 73211
1452767092 73173
1452785674 72916
1452785858 72983
1452853449 72989
1452853815 73003
1452855962 72905
1453112823 73458
1453388345 74071
1453388406 77921
1453459758 77388
1453459799 77494
1453727085 77504
1453727256 77975
1453729559 77995
1453731081 78023
1453731333 78025
1453739980 78088
1453807763 78206
1453812218 77915
1453813864 78149
1453815449 78147
1453818016 78162
1453819142 78156
1453821817 78150
1453822974 78152
1453825765 78119
1453883970 78128
1453885113 78135
1453898133 78134
1453901411 78136
1453902511 78129
1453904683 77917
1453906238 77888
1453906666 77860
1453969956 77961
1453975550 77928
1453975973 78217
1453978592 78217
1453978745 78253
1453982554 78377
1453987685 78478
1453996432 78475
1454059564 78488
1454069731 78507
1454075444 78523
1454076108 78523
1454076671 78533
1454318921 78512
1454320199 78523
1454321433 78523
1454323105 78284
1454403123 78213
1454420720 78213
1454420772 78213
1454424459 74549
1454426649 74599
1454432110 74774
1454492431 74774
1454494782 74780
1454495391 74780
1454500334 74784
1454500349 74716
1454505125 74717
1454505166 74827
1454514551 80036
1454577601 79298
1454585934 79441
1454590625 79451
1454591356 79482
1454591749 79644
1454592517 79147
1454592538 79167
1454592778 79161
1454597607 79297
1454599698 79301
1454602698 79404
1454669153 79391
1454674895 79400
1454675191 79400
1454675978 79402
1454922967 79402
1454933002 79457
1454933019 79457
1455019160 79523
1455023147 78327
1455024469 78327
1455030422 78604
1455038338 78686
1455112482 78763
1455112496 79303
1455113135 79338
1455116906 78740
1455121794 78837
1455199227 78837
1455200749 79417
1455205404 79406
1455208777 79432
1455270958 79968
1455272724 79969
1455272967 79985
1455273340 79985
1455277763 79985
1455278238 79983
1455281170 79983
1455282243 80125
1455282424 80125
1455285261 80177
1455287547 80191
1455288313 80186
1455294789 80203
1455296135 80268
1455526978 80273
1455536485 80271
1455536506 80271
1455536515 80675
1455539507 80679
1455539516 81111
1455545174 81168
1455545468 81168
1455548206 81206
1455548288 81201
1455551813 81253
1455553137 81253
1455615107 81262
1455616697 81264
1455618370 81291
1455624537 81313
1455624849 81306
1455625859 81384
1455628028 81457
1455630079 81485
1455632209 81455
1455633742 81598
1455634686 81598
1455638498 81584
1455639607 81682
1455640942 81713
1455642553 81719
1455699595 81726
1455699663 81725
1455699685 81725
1455699733 81726
1455701274 81784
1455708012 81822
1455710937 81882
1455713047 81824
1455714574 81812
1455723674 81863
1455725912 80965
1455727719 80906
1455783796 79462
1455786663 79550
1455788292 79465
1455791722 79474
1455793979 79479
1455798482 79646
1455800145 79657
1455800633 79660
1455807574 79698
1455808790 79699
1455819168 79770
1455873920 79797
1455882818 79942
1455890111 80068
1455890685 80083
1455894354 80120
1455895348 80120
1455895364 80380
1455899074 80385
1455899977 80409
1456130139 80412
1456132276 80413
1456140695 80423
1456140705 80464
1456142546 80528
1456145075 80527
1456147819 80583
1456158212 80579
1456216144 80581
1456216850 80583
1456217469 80589
1456217618 80589
1456224746 80611
1456232403 80644
1456232850 80644
1456236844 80648
1456236986 80645
1456403735 80645
1456403850 78929
1456407540 78954
1456408476 78955
1456410519 78973
1456412675 78979
1456480631 78979
1456483322 79047
1456485598 79095
1456487521 79056
1456495479 79178
1456496844 79209
1456737020 79215
1456739742 79118
1456740011 79162
1456740755 79168
1456740788 79136
1456743351 79165
1456747293 79128
1456749160 78942
1456750415 78955
1456753236 78930
1456755391 78942
1456757969 78947
1456760186 78962
1456760837 78964
1456761088 78967
1456761105 78970
1456763021 78993
1456819886 78995
1456821002 78999
1456822122 79011
1456822138 79011
1456822306 79010
1456824866 79017
1456827831 79079
1456831117 79076
1456832443 79080
1456842342 79104
1456843718 79120
1456845181 79138
1456845625 79139
1456845635 79140
1456846658 79226
1456849011 79224
1456923823 79238
1456929612 79237
1456989841 79300
1457011811 79383
1457011880 79588
1457013701 79588
1457015521 79765
1457017797 79767
1457023208 79800
1457086229 79800
1457086262 79952
1457092253 79380
1457098918 79381
1457104559 79384
1457105425 79405
1457106771 79410
1457108111 79410
1457110034 79465
1457340829 79475
1457345868 79541
1457348396 79623
1457358324 79721
1457360675 79841
1457360689 79843
1457431016 79972
1457432835 79972
1457435175 80021
1457435779 80021
1457436899 80021
1457436930 80021
1457442421 80146
1457442432 80137
1457444182 80146
1457447320 80179
1457451389 80199
1457452154 80198
1457453029 80199
1457453715 80207
1457454201 80207
1457454671 80217
1457508371 80250
1457512514 80250
1457513416 80251
1457514339 80250
1457514599 80250
1457518299 80767
1457521905 80805
1457522716 80817
1457523551 80823
1457524297 80823
1457524677 80825
1457524870 80829
1457525296 80836
1457526274 80838
1457527314 80838
1457532916 80910
1457533041 81019
1457533048 81004
1457533086 81001
1457540075 81063
1457540889 81068
1457541160 81078
1457600641 81093
1457602754 81168
1457605371 81142
1457605410 81149
1457618729 81333
1457618962 81341
1457619932 81443
1457620473 81509
1457621364 81517
1457625275 85589
1457625321 85613
1457684475 85764
1457684701 85763
1457686468 85753
1457702410 85787
1457702831 85787
1457703118 85788
1457704450 85773
1457712465 85820
1457714986 85878
1457948658 85887
1457951107 85893
1457963121 85883
1457971478 85897
1458030924 85905
1458030959 85926
1458031991 85978
1458033747 85983
1458033759 85998
1458034194 87363
1458037065 87370
1458037103 87574
1458041480 87576
1458042699 87580
1458042957 87589
1458043430 87591
1458043449 87591
1458043614 87591
1458043825 87645
1458044157 87649
1458044764 87651
1458045241 87660
1458047474 87660
1458051305 87665
1458053143 87676
1458053265 87675
1458054067 87710
1458055988 87739
1458057015 87748
1458057340 87848
1458114457 87848
1458115342 87850
1458115715 87858
1458117203 87868
1458118416 87868
1458118612 87904
1458119094 87912
1458119522 87931
1458119626 87931
1458119911 87932
1458121907 87958
1458122101 88033
1458122124 88033
1458124049 88032
1458124380 88056
1458124503 88056
1458124533 88056
1458124708 88057
1458126658 88042
1458128154 88042
1458128419 88042
1458128944 88045
1458131782 88086
1458132325 88093
1458132355 88097
1458132774 88098
1458135039 88107
1458135045 88107
1458135670 87986
1458135737 87986
1458136189 87986
1458136311 87988
1458137163 87988
1458138032 87988
1458138374 87988
1458140293 87985
1458141030 87988
1458142795 88004
1458142814 88005
1458148391 88005
1458148417 88041
1458578711 88217
1458578730 88758
1458635358 88799
1458638493 88848
1458646934 89141
1458647420 89301
1458647752 89316
1458650544 89315
1458651221 89314
1458651873 89450
1458652232 89460
1458653043 89493
1458653935 89544
1458660367 89548
1458660426 89547
1458661771 89545
1458662504 89666
1458726541 90308
1458729880 89553
1458730692 89551
1458734530 89675
1458734748 89676
1458735650 89676
1458738780 89787
1458740796 89789
1458740950 89789
1458741715 89801
1458743686 89806
1458743866 89808
1458745030 89816
1458745262 89816
1458747834 89835
1458749207 89836
1458750676 89834
1458751274 89834
1458809314 89834
1458810260 89839
1458814308 89840
1458819408 89840
1458820331 89840
1458820421 89855
1458820445 89856
1458820972 89856
1458821581 89852
1458822317 89858
1458823271 89850
1458824508 89850
1458827066 89850
1458830381 90085
1458830556 90083
1458832158 90824
1458832746 90856
1458832822 90856
1458834523 90859
1458839036 90931
1459235118 90931
1459241871 90915
1459251860 90914
1459256460 90917
1459256469 91196
1459258482 91196
1459259453 91197
1459325198 91196
1459325217 91239
1459329065 91240
1459330430 91244
1459331241 91249
1459336134 91259
1459338261 91268
1459338271 91409
1459338300 91755
1459339808 91632
1459341010 91486
1459342219 91521
1459342294 91526
1459344890 91526
1459344917 91528
1459346667 91541
1459348320 91584
1459349220 91638
1459350266 91638
1459350973 91638
1459352739 91640
1459411245 91654
1459412082 91654
1459412475 91657
1459412722 91668
1459414197 91670
1459416006 91673
1459416019 91673
1459416026 91678
1459422385 91743
1459422399 91767
1459425154 91773
1459425170 91772
1459425278 91774
1459425409 91905
1459426101 91905
1459428489 91922
1459430323 91922
1459430438 91929
1459431393 91929
1459432027 91934
1459432037 91935
1459434029 91932
1459434607 92118
1459438681 91932
1459438793 92117
1459496181 91310
1459501727 91310
1459503662 91310
1459509588 91318
1459510968 91324
1459513833 91361
1459516048 91424
1459517945 91433
1459520565 91449
1459520977 91451
1459522073 91471
1459522903 91485
1459523983 91485
1459755195 91485
1459756141 91487
1459758178 91492
1459758966 91487
1459760517 91488
1459761497 91543
1459761894 91560
1459764565 91602
1459777104 91850
1459778116 91874
1459779151 91814
1459781969 92164
1459784379 92159
1459847664 92226
1459851906 92251
1459861653 92334
1459864114 92347
1459865474 92360
1459866474 92360
1459870611 92500
1459886282 92500
1459891724 92586
1459929974 92591
1459934077 92575
1459941777 92599
1459941803 91965
1459941831 91974
1459947206 92028
1459954646 92061
1459955012 92243
1459956290 92322
1459974914 92674
1460015431 92674
1460020924 92674
1460020940 93172
1460027128 93180
1460027434 93247
1460031441 93314
1460036597 93439
1460041893 93476
1460045614 93741
1460103266 93757
1460105474 93747
1460112659 93779
1460113949 93844
1460115876 93819
1460116549 93738
1460127286 93867
1460363078 93787
1460374511 93868
1460375852 93817
1460379866 93819
1460380528 93803
1460381710 93786
1460385627 93811
1460387481 93837
1460452968 94153
1460453751 94153
1460457648 94140
1460460478 94148
1460467164 94182
1460472232 94297
1460472488 94263
1460476121 94265
1460476149 94258
1460531785 94287
1460533659 94303
1460535190 94263
1460536183 94262
1460536587 94272
1460537996 94259
1460538856 94256
1460538912 94256
1460540408 94278
1460544511 94335
1460545913 94340
1460549129 94357
1460549287 94357
1460550460 94374
1460554641 94378
1460556988 94374
1460622868 94159
1460624465 94180
1460624909 94172
1460628007 94172
1460628431 94189
1460630507 94189
1460630824 94191
1460634702 94218
1460634899 94218
1460635389 94555
1460637750 94557
1460640347 94557
1460647705 94566
1460649085 94576
1460706782 94582
1460708237 94582
1460708976 94582
1460709384 94582
1460710226 94606
1460710403 94606
1460717498 94622
1460719152 94625
1460730300 94626
1460968884 94630
1460987930 94856
1460989390 95143
1460990705 95156
1460991770 95179
1460992997 95177
1461055978 95288
1461059864 95423
1461060882 95443
1461065241 95463
1461066973 95556
1461067194 95472
1461067834 95571
1461077831 95689
1461078844 95696
1461081368 95709
1461081383 95715
1461140789 95791
1461142085 95802
1461143204 95802
1461149039 95899
1461149142 95914
1461151437 95914
1461153247 95916
1461154034 95916
1461156569 95929
1461160435 95957
1461160944 95961
1461161044 95957
1461162737 96014
1461163425 96029
1461165079 96042
1461224885 96034
1461225947 96041
1461225999 96042
1461227790 96031
1461239336 96144
1461239561 96147
1461242355 96185
1461242681 96185
1461246602 96174
1461248675 100849
1461249833 100848
1461310030 100858
1461311292 100858
1461316822 100860
1461319917 100953
1461320913 100966
1461322452 101010
1461326711 101023
1461326963 101023
1461327392 101053
1461331231 101053
1461349755 101059
1461570165 101056
1461570807 101067
1461597833 101902
1461664038 101510
1461666439 102019
1461667129 101511
1461678496 101700
1461746723 101727
1461751559 101989
1461756989 101988
1461757034 102013
1461758528 101990
1461763209 102101
1461763708 102106
1461765148 102107
1461765325 102102
1461767678 102180
1461829533 102180
1461833297 102135
1461834031 102182
1461857381 102182
1461857411 101982
1461857991 102138
1461918746 102245
1461924097 102245
1461931226 102248
1461933085 102266
1461934431 102266
1461940181 102279
1462286879 102293
1462781497 102924
1462791794 102934
1462793382 102931
1462794981 103062
1462863553 103046
1462863560 103046
1462863572 103048
1462884078 103336
1462889249 103340
1462959964 103365
1462964460 103513
1462967100 103546
1462969886 103444
1462972622 103466
1462974297 103457
1462981912 103457
1462983154 103529
1463042046 103599
1463042621 103610
1463043718 103620
1463044461 103694
1463044894 103722
1463045360 103725
1463053763 103767
1463054439 103791
1463054704 103797
1463061220 103825
1463062678 103859
1463065200 103869
1463136053 103881
1463137012 103901
1463138369 103901
1463139639 103947
1463139926 103947
1463140518 103947
1463146473 103950
1463148941 103969
1463386806 103980
1463397171 103982
1463399295 103987
1463409690 104285
1463413295 104469
1463413998 104346
1463415762 104378
1463468964 104378
1463469247 104378
1463471924 104386
1463472616 104392
1463472927 104392
1463473832 104394
1463479693 104441
1463479993 104441
1463483547 104471
1463483633 104471
1463484135 104676
1463484613 104527
1463485645 104527
1463486335 104531
1463488810 104526
1463489498 104541
1463552981 104545
1463553987 104545
1463554502 104562
1463560760 104616
1463569695 104619
1463570037 104624
1463570166 104724
1463570505 104720
1463582508 104737
1463582933 104737
1463641874 104737
1463643645 104737
1463653723 104739
1463657092 104713
1463658211 104734
1463659122 104734
1463659855 104734
1463660013 104734
1463662053 104735
1463664156 104746
1463664177 104707
1463733968 104712
1463741030 104743
1463741255 104693
1463741865 104694
1463744765 104694
1463748821 104697
1463757006 104876
1463991738 104853
1463999116 104884
1464004851 104610
1464006960 104642
1464009072 104686
1464013813 104726
1464081493 104726
1464168044 104726
1464249596 105158
1464249605 105162
1464249690 100497
1464257945 100493
1464259130 100503
1464265216 100515
1464268653 100507
1464270370 100505
1464346227 100505
1464353931 100458
1464356948 100474
1464596963 100476
1464598179 100476
1464599502 100477
1464600716 100481
1464605307 100516
1464608016 100516
1464610614 100515
1464618905 100517
1464619202 100522
1464622138 100520
1464683081 100525
1464698215 100331
1464698224 100210
1464702511 100563
1464702520 100584
1464780052 100614
1464780068 100727
1464791073 100808
1464791094 100814
1464852837 100832
1464858787 100846
1464864061 100845
1464868001 100862
1464871283 100951
1464871303 101159
1464956146 101449
1464957893 101455
1464959364 101502
1464964264 101502
1464964938 101512
1464968787 101564
1465203215 101623
1465210621 101567
1465210758 101567
1465212056 101576
1465212269 101576
1465214596 101576
1465215004 101576
1465215906 101598
1465218856 101662
1465222276 101723
1465224509 101734
1465288295 101762
1465290311 101746
1465297817 101764
1465308856 105858
1465310109 105873
1465312079 413649
1465312600 465007
1465372346 465011
1465374018 465011
1465384888 464609
1465386838 464609
1465388044 464532
1465390481 464183
1465396875 451303
1465401029 451437
1465402729 451182
1465469549 451207
1465472121 451247
1465472489 451482
1465474089 451468
1465475711 451444
1465479335 451452
1465479601 451452
1465480903 451474
1465488097 451486
1465488218 451524
1465547532 451525
1465547593 451588
1465550309 451588
1465556203 451600
1465557136 451600
1465903666 451600
1465905843 451620
1465908879 451620
1465979745 451637
1465980040 451642
1465980978 451586
1465981634 451586
1465984289 451586
1465987183 451580
1465993447 451619
1465995062 451646
1465998613 451674
1465999920 451694
1466001791 451641
1466022196 451675
1466022853 451684
1466071079 451727
1466073357 452210
1466075086 452210
1466076812 456323
1466081524 456333
1466081637 456420
1466082414 456406
1466087615 456293
1466090762 458361
1466105268 456358
1466148363 456358
1466163138 456412
1466167149 456275
1466171402 456339
1466172062 456254
1466173458 456295
1466173495 456293
1466177634 456289
1466241738 456335
1466406653 456294
1466406806 456294
1466407109 456252
1466410157 456951
1466411833 457042
1466412080 457043
1466419769 457374
1466422714 457357
1466425880 457354
1466429365 457365
1466433682 457344
1466433705 457475
1466437157 457604
1466437224 457604
1466441163 457645
1466450232 457645
1466450250 457658
1466451435 457656
1466452384 457670
1466497481 457700
1466505074 457880
1466506940 457933
1466507161 457871
1466507191 457871
1466514283 457889
1466514984 457903
1466515201 457911
1466520172 457870
1466520946 457923
1466523114 457938
1466584299 458029
1466590784 458066
1466590797 458208
1466591376 458232
1466593838 458195
1466594842 458204
1466595456 458221
1466595875 458221
1466595886 458215
1466601879 458208
1466604290 458209
1466611460 458286
1466667902 458287
1466670479 458169
1466671118 458170
1466674077 458178
1466674309 458188
1466676226 458190
1466676396 458190
1466678027 458190
1466680595 458188
1466684490 458525
1466685420 458455
1466685786 458456
1466693283 458455
1466695944 458469
1466697348 458470
1466763042 457763
1466766739 458500
1466767538 457823
1466767877 457650
1466768079 457655
1466768929 457823
1466770267 457654
1466771525 457684
1467022289 457880
1467022866 457877
1467029196 457947
1467030044 457953
1467030865 457221
1467031108 457214
1467034549 457195
1467035402 457184
1467038326 457606
1467040421 457619
1467042403 457614
1467068326 457614
1467099822 457620
1467100317 458378
1467102093 457625
1467102108 457625
1467105146 457620
1467106531 458407
1467107985 457591
1467110156 457592
1467112630 457587
1467113876 457587
1467113983 457688
1467114853 457688
1467117460 458436
1467118490 458448
1467118629 457709
1467119277 457709
1467119587 458454
1467127360 457921
1467185380 457921
1467188197 457928
1467190976 457922
1467193166 457919
1467193673 457921
1467194795 458453
1467195056 458426
1467202936 458639
1467204531 458714
1467204960 458721
1467205571 458723
1467205831 457911
1467206222 457915
1467206852 457925
1467207302 458723
1467209108 457925
1467209240 458082
1467209571 458082
1467209606 458098
1467209968 458744
1467280163 458127
1467282778 458126
1467285015 458129
1467288014 458108
1467293924 458182
1467361427 458190
1467363723 458717
1467363789 458191
1467364013 458197
1467366691 458274
1467369231 458275
1467370756 458346
1467377459 458346
1467383848 458776
1467385156 458777
1467492710 458831
1467624389 458346
1467878736 458346
1467889675 458345
1467893180 458346
1467967217 458364
1467967520 458364
1467968328 458374
1467968634 458374
1467969323 458372
1467972361 458336
1467972402 458340
1467972925 458340
1467973957 458343
1467976899 458343
1467988097 458344
1468218965 458846
1468220548 458824
1468222783 458790
1468223628 458795
1468230051 458815
1468232454 458881
1468233738 458881
1468245203 458827
1468245931 458892
1468246654 458892
1468247666 458922
1468248868 458929
1468248906 458983
1468314069 459056
1468321113 458702
1468321748 458702
1468327240 458734
1468396869 458761
1468398552 458765
1468400979 458774
1468416721 458769
1468420959 458791
1468423406 458785
1468501420 458792
1468501436 458704
1468503989 458696
1468504014 458710
1468506479 458865
1468508070 458882
1468509851 458869
1468510054 458864
1468575902 458788
1468593551 458851
1468835460 458859
1468838208 459500
1468841214 459656
1468842613 459645
1468851443 459637
1468856119 459640
1468916002 459736
1468933644 459895
1468934321 459103
1468934708 458843
1469110375 458853
1469110858 458855
1469123917 458855
1469175672 459308
1469175681 459562
1469176337 459570
1469187915 459643
1469189842 459645
1469458846 459792
1469524687 459766
1469524882 459810
1469537672 459840
1469538974 459872
1469544801 459940
1469615959 459837
1469625873 459899
1469626131 459901
1469626225 459899
1469694264 459903
1469797493 459927
1469797792 460373
1469801044 460391
1469803644 460387
1470042471 460386
1470058770 460555
1470132093 460547
1470137678 460548
1470234033 460374
1470237324 460405
1470292351 460083
1470298193 460106
1470396722 460092
1470398969 460105
1470402833 459852
1470409325 459865
1470642570 459759
1470654717 459761
1470665347 459758
1470726939 459781
1470726990 459758
1470727055 459758
1470744486 459758
1470749082 459758
1470815987 459859
1470825561 459822
1470827267 459825
1470834576 459863
1470841827 459880
1470843790 459927
1472640129 460020
1472645457 460020
1472645478 460041
1472715014 460040
1472715193 460040
1472817570 459869
1472818716 459876
1472825637 459876
1473151516 459890
1473151528 459903
1473168135 459955
1473173418 460031
1473327248 460031
1473331471 460031
1473334953 460031
1473349090 460019
1473407460 460032
1473431244 460106
1473761757 460260
1473761917 460260
1473766693 460304
1473777416 460308
1473779023 460281
1473838404 460286
1474035268 460298
1474035297 459527
1474286779 459533
1474286830 459186
1474288310 459340
1474293313 459397
1474299692 459397
1474300011 459534
1474353788 459537
1474356408 459536
1474372834 459609
1474441446 459609
1474441627 459613
1474459974 459643
1474628585 459658
1474633290 459659
1474633299 459659
1474634354 459661
1474635508 459666
1474959308 459666
1474963907 459616
1474965433 459616
1474973146 459619
1474974185 459527
1474992726 459544
1474995735 459559
1475001283 459563
1475133337 459563
1475137112 459564
1475138074 459586
1475145682 459593
1475145739 459599
1475152290 459610
1475161005 459615
1475161836 459615
1475221841 459554
1476803741 460248
1476803769 461036
1476804723 461045
1476862068 461049
1476868267 461052
1476879334 461130
1476886471 461136
1476891337 461272
1476958955 461481
1476961564 461447
1477038074 461448
1477403663 461025
1477465282 461096
1477470656 461158
1477472575 461159
1477492203 461145
1477492817 461145
1477551156 461147
1477576791 461167
1477995584 461240
1477996189 461245
1478086347 461277
1478090093 461282
1478093034 461277
1478184937 461296
1478256093 461778
1478257868 461329
1478508067 461329
1478620461 460791
1478770015 460816
1478780273 460816
1478782996 460767
1478862928 460791
1478867557 460787
1478869634 460792
1479120735 460851
1479133469 460965
1479135927 461009
1479196916 461014
1479217093 461908
1479218387 461013
1479223859 462087
1479294933 462285
1479301583 462410
1479303113 462415
1479307263 461265
1479307378 461382
1479464496 461407
1479466399 462419
1479469645 462435
1479471069 462435
1479721822 462918
1479722368 461604
1479723142 461596
1479723836 461598
1479724579 461599
1479728782 461601
1479728804 461619
1479730976 461620
1479730995 461710
1479731744 461709
1479801645 461709
1479801682 461892
1479826545 461896
1479830659 461981
1479891617 461950
1479893747 461938
1479902810 461938
1479906020 462010
1479913030 462010
1479913763 462017
1479914382 462047
1479915898 462017
1479976699 462017
1479980955 462021
1479982038 462021
1480060042 462021
1480063270 462007
1480069163 462007
1480072868 462007
1480081252 462007
1480328555 463153
1480420683 462013
1480432541 463162
1480435830 462033
1480691080 462026
1480928045 462538
1480931397 462558
1480942365 462026
1480951037 462605
1481031499 462014
1481101783 462026
1481194343 462015
1481212891 462027
1481279223 462628
1481280991 462028
1481283412 462040
1481286255 462057
1481293008 462061
1481295082 462078
1481296304 462079
1481456063 462758
1481476514 463027
1481492930 463033
1481494482 463022
1481530888 463155
1481533347 462079
1481534363 463182
1481535611 462084
1481538232 462083
1481538310 462083
1481539051 462101
1481541326 462102
1481556172 463673
1481557257 463710
1481559826 463754
1481618355 462103
1481620604 463760
1481632000 462111
1481634821 462115
1481639819 462573
1481643986 465482
1481701643 462134
1481717554 462805
1481722096 462139
1481727133 462814
1481802051 462816
1481802090 462816
1481814888 462916
1481815453 462921
1481891172 462947
1481899494 463169
1481903827 463202
1481919699 463210
1482018759 463230
1482144021 463245
1482144485 463246
1482160071 463045
1482234386 463321
1482313929 463326
1482315077 463336
1482392976 463338
1482409447 463621
1482416232 463635
1482444141 463635
1482448371 463692
1482494016 463663
1482494436 463674
1482496042 463646
1483349214 463621
1483355610 463622
1483369600 464307
1483372613 464499
1483480417 464742
1483524838 465605
1483530657 464786
1483530690 464998
1483703697 464995
1483960597 465609
1483964109 465604
1483970653 465603
1483971473 465651
1483976739 465657
1483979408 465773
1484049124 465925
1484056285 466187
1484064210 466291
1484122262 466301
1484127284 466301
1484149665 466345
1484149688 466792
1484151620 466966
1484151826 466957
1484231598 467019
1484231614 467089
1484511018 467134
1484565419 467137
1484583065 467160
1484583090 467160
1485180805 467160
1485433984 467134
1485434912 467125
1485524198 467029
1485530604 467043
1485771000 476770
1485779692 476825
1487350196 481409
1487577288 481649
1487582155 481661
1487671132 481677
1487677780 481703
1487678181 481706
1487678302 482507
1487678519 482554
1487754431 482564
1487754764 482564
1487754892 482756
1487756615 482750
1487770795 482811
1487773048 483897
1487777994 484765
1487778078 484761
1487778141 484761
1487778279 484761
1487780865 484706
1487844580 483790
1487845661 483893
1487847157 483654
1487848825 483663
1487862133 483662
1487865055 483689
1487865099 483712
1487867893 483735
1487868081 483735
1487868965 483738
1487870033 483738
1487870281 483687
1487871011 483691
1487894980 483748
1487895077 483737
1487895227 483735
1487895743 483736
1487927155 483790
1487929912 483894
1487930177 483894
1487937495 483894
1487938431 484101
1487940494 484226
1487946600 484227
1487947919 484191
1487949206 484214
1487954210 484473
1487972745 483802
1487974913 483829
1488147753 483833
1488186803 483840
1488190343 483912
1488209810 484109
1488211569 484178
1488269741 484178
1488273789 484274
1488281049 484380
1488292543 484805
1488293807 484757
1488364581 484763
1488369236 484765
1488374018 484765
1488375264 484778
1488377374 484804
1488378930 484910
1488379349 484914
1488383460 484910
1488383482 484910
1488384210 484910
1488386678 484915
1488401633 484915
1488453152 484924
1488458759 485237
1488463908 484983
1488466549 484983
1488469514 484989
1488469573 484984
1488470271 485002
1488470977 485006
1488485627 485007
1488530798 485020
1488536504 485443
1488537832 485066
1488539894 484600
1488540481 484604
1488541290 484531
1488548996 484613
1488550781 484669
1488552294 484709
1488554229 484720
1488556146 484964
1488796150 484967
1488808268 485322
1488809064 485323
1488809635 485323
1488811159 485328
1488814913 485412
1488903550 485449
1488903569 485610
1489045589 485625
1489146297 485631
1489339786 486090
1489341356 486137
1489342687 486143
1489345335 486137
1489405938 486098
1489410338 486124
1489421511 486170
1489481593 486167
1489482400 486098
1489500279 486153
1489502418 486153
1489504078 486158
1489505123 486186
1489506364 486188
1489651070 486213
1489653383 485888
1489659570 485937
1489664632 486000
1489668035 486016
1489669978 486021
1489704272 486031
1489738505 485733
1489741213 491520
1489748495 491521
1489751488 491521
1489756730 491527
1489762174 491573
1489766042 491570
1489768722 491577
1489780112 491805
1490006919 491900
1490012216 491900
1490014272 491903
1490020142 491893
1490026005 491893
1490087319 491890
1490109522 491890
1490179618 491890
1490189320 491890
1490256447 491890
1490267993 491877
1490268076 491877
1490687253 491979
1490695795 491745
1490696093 491744
1490707282 491764
1490712722 491764
1490773198 491766
1490785655 491766
1490878902 493617
1490886000 494325
1490946832 494353
1490948611 494358
1490951163 494378
1490956551 484521
1490958263 484522
1490958996 484520
1490974222 485672
1490986658 485682
1490991575 485689
1490994661 485732
1491218895 484591
1491222512 485758
1491227252 484600
1491231440 485782
1491293304 484604
1491293990 485672
1491314008 486151
1491317326 486151
1491319225 486526
1491378238 486596
1491380476 486625
1491384764 486663
1491464871 486695
1491465148 486692
1491488625 486692
1491490474 486693
1491490615 486694
1491492052 486701
1491493286 486702
1491493584 486702
1491560325 486734
1491564613 486729
1491565667 484275
1491565768 483678
1491567756 484266
1491569679 484274
1491573605 484273
1491575131 484073
1491575713 484069
1491579859 484069
1491809129 484079
1491812317 484080
1491823153 484080
1491826858 484080
1491826922 484405
1491830748 484405
1491836767 484446
1491837853 484594
1491896620 484604
1491914844 484604
1491928863 484761
1491933018 484801
1491934593 484801
1491937018 484883
1491981843 484854
1491985177 484854
1491989951 484865
1491991539 484907
1491992431 484940
1492080010 484944
1492081491 484955
1492082614 484955
1492084595 484955
1492085350 484960
1492085658 484968
1492088460 484984
1492090019 484984
1492090080 484984
1492090167 484984
1492090546 484990
1492090638 484990
1492093981 484990
1492095063 485024
1492097790 485024
1492458556 485027
1492504102 485024
1492520893 485024
1492526976 485028
1492530103 485034
1492587716 485041
1492589569 485117
1492591717 485117
1492592026 485123
1492592540 485157
1492592601 485160
1492592842 485159
1492592847 485158
1492595145 485161
1492598731 485163
1492604217 485173
1492610932 485183
1492617447 485301
1492674875 485326
1492675943 485326
1492682953 485326
1492683839 485449
1492684133 485449
1492692801 485449
1492697404 485449
1492701605 485736
1492765909 485740
1492781804 486041
1492783401 486061
1493020170 486158
1493021478 486173
1493025107 486205
1493025925 486220
1493029906 486220
1493033483 486220
1493033495 486268
1493033581 486268
1493037407 486329
1493041446 485030
1493042777 485047
1493043520 485047
1493046455 485025
1493046584 485052
1493047581 485070
1493047995 485066
1493048106 485056
1493104320 485056
1493110389 485060
1493112807 485060
1493118986 485099
1493119474 485099
1493122144 485107
1493123797 485107
1493124756 485110
1493124869 485110
1493129484 485110
1493147005 485172
1493201686 485172
1493218273 485311
1493221705 485339
1493279521 485341
1493288869 485306
1493300964 485306
1493300999 485306
1493303108 485438
1493303509 485440
1493304151 485443
1493361981 485443
1493368518 485478
1493372698 486474
1493374049 486476
1493378780 486475
1493381941 486470
1493383278 486229
1493383690 486232
1493383976 486252
1493386272 486251
1493388971 486240
1493390109 486240
1493710546 486241
1493712973 486228
1493761386 486227
1493797518 486232
1493800619 486242
1493804010 486198
1493805295 486215
1493808396 486240
1493815362 486234
1493815555 486240
1493817364 486240
1493821863 486233
1493821921 486233
1493824747 483134
1493975907 483134
1493979772 483125
1493996477 483190
1494316819 483213
1494317344 483203
1494330463 483203
1494340204 483203
1494430203 483203
1494432269 482517
1494499564 485254
1494503552 485364
1494505243 485368
1494512137 485451
1494514589 485451
1494515057 485450
1494515198 485449
1494579572 485453
1494579666 485458
1494584458 485436
1494585025 485451
1494588266 486562
1494601016 486714
1494632031 486721
1494847696 486802
1494850795 486784
1494856548 486813
1494856599 486822
1494857443 486828
1494857675 487000
1494859495 487028
1494859843 487053
1494859903 487081
1494867324 487084
1494867396 487139
1494884397 487144
1494923183 487168
1494924325 487172
1494928565 487203
1494930574 487204
1494930610 487347
1494931537 487349
1494932981 487386
1494933222 487415
1494937172 488279
1494941624 487441
1494941822 488319
1494942750 487465
1494943056 487489
1494945337 488183
1494945945 488205
1494945976 488242
1494947299 488266
1494948769 488573
1494952368 488270
1494954793 488590
1495015676 488592
1495017278 488636
1495017853 488632
1495018263 491166
1495025322 491109
1495025974 491086
1495029831 491272
1495034379 491273
1495034424 491320
1495034468 491320
1495037631 491593
1495043393 493662
1495100659 493723
1495111034 493985
1495112499 493988
1495118320 494054
1495124308 494126
1495128241 494810
1495139274 494773
1495177249 494774
1495181175 494775
1495183072 494802
1495191571 494870
1495191621 494867
1495194340 494873
1495197696 494894
1495199573 494893
1495199822 494893
1495200608 494892
1495200902 494893
1495201506 496452
1495202198 494981
1495204084 494991
1495204118 494990
1495204202 494990
1495205389 494940
1495206618 495570
1495208676 495564
1495209258 495043
1495213522 496428
1495446201 496447
1495446258 496441
1495449979 496460
1495455038 496470
1495455694 496470
1495455729 496470
1495455957 496558
1495456023 496478
1495456963 496559
1495457863 496564
1495459357 496567
1495462846 496771
1495463739 496759
1495466726 496740
1495473291 496797
1495550767 496866
1495553951 496965
1495561123 497114
1495629020 497061
1495629624 497053
1495630192 497055
1495630255 497054
1495630420 497025
1495632577 497551
1495632788 497847
1495636651 497551
1495639470 497761
1495640087 501258
1495644316 498012
1495645418 498012
1495663432 503904
1495701704 497908
1495708970 497934
1495710230 497933
1495710599 504035
1495712451 498006
1495712627 498034
1495713117 498034
1495713350 498029
1495713614 498027
1495714874 504088
1495715308 498030
1495715715 498235
1495715955 498134
1495718959 498143
1495719236 498149
1495719622 498147
1495719959 498147
1495720285 504098
1495720320 498148
1495721032 498141
1495721516 498148
1495722278 498148
1495722313 498163
1495722341 498163
1495722368 498224
1495722524 498177
1495724591 498294
1495724782 498187
1495724957 498188
1495725597 498188
1495726873 498211
1495728578 498218
1495730147 498212
1495730699 503915
1495737211 498236
1495787649 498302
1495788684 498292
1495794123 504087
1495797207 499071
1495799214 499071
1495799488 504195
1495801908 504198
1495802662 504297
1495803875 504142
1495804806 504265
1495804990 504261
1495805107 504180
1495805986 504186
1495810906 504192
1495811572 504204
1495811731 504198
1495812051 504197
1495812455 504179
1495812589 504161
1495814378 504451
1495815377 504161
1495815930 504162
1495817292 504616
1496042495 504682
1496042868 504684
1496043957 504692
1496044850 505204
1496046864 508159
1496047383 508315
1496048509 508163
1496050008 508165
1496052510 508167
1496052687 508167
1496073974 508333
1496079600 507093
1496093744 507105
1496132401 507109
1496133598 507109
1496133848 507113
1496136817 507117
1496138469 507167
1496139626 507168
1496140984 507155
1496141047 507154
1496141579 507146
1496144958 507461
1496145561 507308
1496145688 507211
1496145782 507208
1496146459 507405
1496146469 507217
1496147380 507423
1496148120 507395
1496148154 507411
1496148413 507462
1496148588 507400
1496148716 507424
1496151065 507479
1496155575 507431
1496156740 507453
1496157353 507492
1496158985 507495
1496159009 507498
1496159717 507542
1496160363 507495
1496218354 507597
1496223134 507691
1496226700 507691
1496226846 507649
1496226909 507733
1496226942 507678
1496228269 507674
1496236721 508226
1496237477 507674
1496237506 507732
1496238795 507923
1496238842 507916
1496239404 507912
1496239954 507919
1496240105 507733
1496241908 507919
1496242777 508076
1496243304 508062
1496243805 508708
1496303042 508083
1496308272 508105
1496308299 508140
1496310430 508351
1496314219 508142
1496314944 508931
1496320484 508687
1496321283 508625
1496323795 508624
1496324014 508685
1496330914 508982
1496331792 508821
1496334389 509174
1496334526 509506
1496394251 509105
1496402256 509269
1496405290 509112
1496405319 509113
1496405360 509117
1496406866 509281
1496407044 509284
1496408284 509281
1496409780 509416
1496409806 509421
1496409876 509413
1496416375 509497
1496416416 509427
1496416539 509428
1496416707 509421
1496416723 509421
1496420363 509438
1496421311 510129
1496431048 510135
1496432300 510158
1496435446 510175
1496438481 510176
1496647302 510193
1496648479 510188
1496649848 510194
1496650145 510193
1496653731 510194
1496654382 510249
1496659854 510252
1496659870 510302
1496663963 510342
1496664119 510345
1496670319 510343
1496670902 510343
1496672446 510346
1496672706 510358
1496674710 510345
1496674767 510351
1496675345 510378
1496676746 510370
1496677541 510447
1496678383 510634
1496678780 510632
1496680677 510379
1496680695 510448
1496682294 510685
1496701705 510772
1496734185 510797
1496741309 510955
1496745762 512368
1496746220 512369
1496746936 512373
1496749036 513191
1496750694 512390
1496750719 512436
1496751664 513625
1496757422 513191
1496760550 513387
1496760816 513470
1496761267 513765
1496761601 513199
1496761686 513350
1496761846 513352
1496761888 513381
1496762071 513385
1496787337 513783
1496826751 513957
1496827977 513994
1496830027 513997
1496830145 514666
1496830509 513998
1496831425 514006
1496831456 514006
1496831484 514274
1496833411 514666
1496837766 514310
1496838804 514472
1496839433 514473
1496841874 514515
1496841924 514518
1496844816 514543
1496847662 514539
1496859244 514649
1496864662 514649
1496867731 514645
1496870732 514646
1496870755 514654
1496874463 514708
1496876056 514712
1496910966 514737
1496914938 514742
1496919072 514749
1496928827 514767
1496929077 514915
1496930462 514716
1496930502 514761
1496930808 514949
1496932518 514942
1496933814 514935
1496937563 514934
1496938774 514921
1496939687 514882
1496940061 514931
1496990300 514922
1496991107 514918
1496992684 514923
1496994183 514927
1496994457 514927
1496994844 514802
1496998230 514801
1497005738 514871
1497005782 514834
1497006078 514830
1497006457 514812
1497006525 514783
1497006818 514780
1497009562 514801
1497010222 514772
1497012644 514772
1497014553 514806
1497014865 514883
1497015044 514883
1497016000 515006
1497017206 514956
1497017501 514956
1497018496 515012
1497019503 515001
1497020562 514883
1497020610 514956
1497020667 515003
1497021234 515014
1497024696 515011
1497025016 515034
1497025521 515045
1497147406 514922
1497217562 514924
1497253354 514923
1497253940 514999
1497255139 515194
1497258179 515129
1497258364 515005
1497258391 515090
1497258681 515282
1497259334 515090
1497259352 515088
1497259822 515333
1497259867 515333
1497261361 515422
1497261727 515205
1497263285 515333
1497263306 515410
1497266766 515455
1497272196 515767
1497272549 515750
1497273268 515463
1497273338 515461
1497273405 515593
1497274058 515790
1497274921 515599
1497274960 515808
1497275181 515791
1497277078 515861
1497277801 515850
1497278225 515869
1497279651 516022
1497280873 516041
1497281561 516046
1497281710 516021
1497281853 516039
1497289747 516039
1497290023 516048
1497290467 516105
1497301286 516116
1497339079 516135
1497339956 516142
1497341703 516135
1497344075 516200
1497344505 516291
1497344681 516283
1497346805 516243
1497347781 516253
1497347856 516256
1497348708 516227
1497349101 516236
1497353722 516244
1497353735 516624
1497354590 516246
1497356320 516644
1497356553 516624
1497359869 516586
1497361205 516586
1497365683 516480
1497366312 516488
1497367226 516540
1497368102 516556
1497368512 516599
1497368540 516477
1497368573 516480
1497387372 517227
1497388711 517243
1497392148 517241
1497425126 517242
1497426804 517244
1497427418 517251
1497427603 517255
1497427918 517292
1497428566 517296
1497432152 517299
1497432215 517353
1497432535 517359
1497435753 517415
1497438756 517415
1497440355 517458
1497440801 517459
1497441247 517461
1497443154 517451
1497445584 517461
1497445608 517460
1497445655 517483
1497447319 517483
1497447390 517486
1497448483 517486
1497452830 517560
1497453979 517598
1497454951 517533
1497454981 517533
1497456605 517563
1497477159 517593
1497513925 517655
1497515537 517655
1497516813 517673
1497518355 518722
1497518765 517675
1497523242 518097
1497524753 518122
1497525966 518134
1497525994 518325
1497526365 518099
1497526492 518102
1497526582 518113
1497527587 518326
1497527748 518122
1497527809 518845
1497528288 518326
1497533392 518387
1497537983 518611
1497538764 518612
1497542779 518646
1497545784 518920
1497550398 518734
1497550650 518931
1497552376 519214
1497554330 519271
1497555598 519253
1497558647 519325
1497559185 519326
1497603074 519327
1497603088 519336
1497604244 519388
1497606280 519418
1497609848 519417
1497612084 519545
1497613402 519490
1497618237 519911
1497619269 519920
1497619284 519836
1497619556 519825
1497619988 519824
1497620986 519925
1497621413 519545
1497621619 519759
1497624703 519943
1497625069 519925
1497625123 519924
1497625203 519949
1497625734 520179
1497626918 519939
1497628200 519956
1497629000 520189
1497646337 520231
1497647247 520259
1497695767 520275
1497698001 520303
1497704241 520374
1497704293 520374
1497734366 520330
1497736850 520374
1497739622 520332
1497746377 520472
1497750900 520463
1497803403 520464
1497818443 520547
1497836257 520587
1497853598 520550
1497855545 520582
1497860309 520595
1497860555 520583
1497861394 520590
1497861669 520594
1497863757 520596
1497873334 520596
1497874235 520601
1497881372 520900
1497882873 520690
1497883297 520610
1497883327 520610
1497884001 520637
1497884617 520689
1497885417 520638
1497886240 520638
1497886555 520998
1497888319 520871
1497911731 521081
1497944205 521149
1497945014 521085
1497946618 521083
1497946721 521090
1497946907 521090
1497948144 521149
1497952121 521177
1497952646 521163
1497952690 521177
1497957372 521281
1497957916 521281
1497959032 521264
1497961395 521584
1497962380 521624
1497962511 521305
1497962758 521618
1497964189 521622
1497964993 521589
1497965881 521631
1497966616 521597
1497968393 521621
1497968843 521669
1497968975 521677
1497969493 521681
1497969855 521683
1497970610 521630
1497970630 521706
1497970771 521652
1497971215 521776
1497972192 521781
1497973996 521720
1497974210 521781
1497975424 521776
1497975524 521788
1497977107 522081
1497996977 522403
1498030383 522407
1498032314 522407
1498032572 522394
1498032665 522457
1498032778 522457
1498033673 522477
1498034295 522463
1498035512 522407
1498035532 522465
1498035628 522407
1498038117 522467
1498038598 522469
1498039264 522466
1498043773 522469
1498044269 522483
1498045319 522482
1498045621 522483
1498047379 522483
1498047972 522500
1498049373 522887
1498050354 522887
1498052017 522567
1498052989 522568
1498053276 522513
1498053347 522567
1498053351 522532
1498053381 522891
1498053434 522533
1498054031 522533
1498054495 522547
1498058290 522604
1498058401 522564
1498058496 522579
1498059276 522603
1498059698 522604
1498060961 522887
1498062103 522599
1498119641 522893
1498122767 522894
1498123996 522901
1498124821 522877
1498124870 522894
1498130541 522911
1498132513 522884
1498133022 522912
1498133448 522877
1498133767 522998
1498135099 523575
1498136369 522988
1498137030 523189
1498137778 523186
1498138589 523019
1498138598 523015
1498139183 523272
1498140422 523330
1498141642 523198
1498141665 523338
1498141699 523198
1498142025 523344
1498142175 523210
1498142821 523394
1498143552 523427
1498144555 523339
1498146090 523431
1498146428 523396
1498146996 523448
1498150288 523448
1498151653 523691
1498165910 523695
1498167527 523693
1498168608 523699
1498203766 524488
1498204172 523693
1498204207 523705
1498205776 523694
1498206277 523709
1498206786 523698
1498206828 523692
1498210064 523710
1498210549 523712
1498211286 523712
1498212338 524028
1498212359 523715
1498213175 523701
1498213210 523701
1498217050 524058
1498218188 524058
1498219148 524044
1498219973 524482
1498220151 524483
1498221860 524482
1498224640 524488
1498225618 524545
1498226584 524529
1498227014 524549
1498227239 524549
1498227354 524549
1498228020 524549
1498228302 524549
1498229218 524561
1498230171 524549
1498231171 524558
1498231674 524559
1498232644 524581
1498233032 524590
1498233294 524584
1498233532 524561
1498234803 524591
1498235930 524565
1498461525 524591
1498464754 524594
1498468434 524641
1498468466 524594
1498468508 524594
1498468598 524608
1498469679 524609
1498471174 524614
1498471442 524641
1498473691 524824
1498473861 524829
1498473875 524641
1498473914 524642
1498474052 524876
1498477299 524826
1498477845 524885
1498478558 524878
1498478777 524896
1498478972 524866
1498479739 524893
1498485107 524887
1498486884 525643
1498487728 525643
1498487844 525639
1498487872 525647
1498489262 525647
1498490849 524895
1498491695 525642
1498493208 525646
1498496409 525670
1498499557 525691
1498499967 525691
1498507305 525688
1498514746 525687
1498551176 525705
1498552022 525706
1498552109 525715
1498552141 525733
1498553632 525732
1498554397 525706
1498554659 525716
1498556087 525717
1498558436 525758
1498561093 525650
1498561869 525730
1498565780 525759
1498566563 525608
1498567654 525784
1498567927 525650
1498568006 525783
1498569030 525757
1498570208 525757
1498575344 525623
1498576110 525624
1498576530 525665
1498578230 525678
1498578570 525677
1498580618 525666
1498581440 525650
1498581752 525716
1498635354 525674
1498638605 525673
1498638835 525692
1498641572 525699
1498645589 525678
1498645721 525696
1498645957 525679
1498648858 525677
1498652084 525737
1498652446 525696
1498652989 525696
1498654282 525698
1498654303 525698
1498655443 525699
1498656724 525778
1498657089 525716
1498657100 525716
1498658994 525725
1498659545 525725
1498659906 525723
1498661966 525796
1498662816 525807
1498662855 525791
1498665188 525815
1498666396 525814
1498666763 525834
1498671151 525837
1498671778 525826
1498673340 525827
1498674770 525828
1498675444 525839
1498721477 525841
1498721719 525843
1498723057 525844
1498723095 525843
1498723133 525840
1498723316 525841
1498724637 525899
1498728882 525862
1498730427 525885
1498733428 525885
1498733881 525899
1498734020 525885
1498734049 525894
1498736349 525902
1498736665 525902
1498741693 525980
1498745650 525915
1498745691 525915
1498746664 525916
1498748358 525906
1498751514 525916
1498751827 526022
1498752330 525929
1498753165 526028
1498807640 525929
1498811340 525944
1498811585 525962
1498816770 526021
1498817128 526027
1498818633 526034
1498821463 526053
1498823512 526066
1498823649 526066
1498826777 526091
1498826942 526034
1498827583 526123
1498827715 526146
1498833078 526318
1498837693 526355
1498838386 526398
1498839025 526430
1498839900 526433
1498840050 526432
1498840370 526360
1498840485 526454
1498851697 526474
1498852604 526446
1499068175 526446
1499068578 526446
1499069168 526447
1499069495 526447
1499071836 526471
1499071875 526514
1499073656 526516
1499074317 526516
1499074374 526514
1499075853 526514
1499076021 526514
1499076099 526514
1499076982 526514
1499081341 526514
1499081709 526514
1499085387 526546
1499085761 526550
1499085785 526534
1499085890 526539
1499086040 526544
1499086367 526550
1499087233 526999
1499087332 526556
1499087957 526546
1499089419 526556
1499089447 526556
1499090143 526560
1499097630 526584
1499097820 526699
1499097854 526708
1499099552 526720
1499157722 526721
1499157746 526723
1499157788 526721
1499169258 526732
1499169386 526739
1499169437 526737
1499170597 526747
1499171668 526747
1499180986 526810
1499185341 526812
1499409206 526781
1499413564 526784
1499413566 526781
1499413618 526793
1499413723 526796
1499416181 526810
1499416217 526808
1499418296 526833
1499418660 526858
1499419984 526879
1499472962 526968
1499477629 526998
1499678397 526966
1499682331 526963
1499682568 526965
1499694919 526983
1499695737 527069
1499696616 527202
1499697991 527233
1499698569 527232
1499700190 527248
1499700230 527235
1499700385 527228
1499702447 527236
1499706067 527232
1499756646 527248
1499758984 527280
1499762028 527272
1499762253 527279
1499762412 527296
1499764489 527285
1499764822 527261
1499764835 527285
1499765110 527244
1499765319 527279
1499767468 527278
1499772238 527283
1499775777 527284
1499777897 527577
1499778112 527581
1499778319 527584
1499778693 527581
1499781582 527585
1499782087 527585
1499782960 527601
1499783117 527600
1499783310 527601
1499783681 527593
1499785288 527606
1499786979 527609
1499787026 527609
1499789614 527646
1499789673 527609
1499790268 527646
1499800224 527646
1499844389 527650
1499845157 527667
1499848395 527761
1499850492 527773
1499850829 527708
1499851402 527769
1499852082 527769
1499859272 527753
1499862732 527853
1499865424 527853
1499869843 527438
1499871534 527540
1499872015 527538
1499872498 527537
1499872639 527534
1499876495 527651
1499879250 527716
1499929976 527786
1499936383 527798
1499937025 527809
1499937987 527809
1499940961 527906
1499946352 528025
1499946432 528033
1499947157 528019
1499948998 527907
1499952291 528023
1499953300 528082
1499954854 528143
1499955440 528143
1499955899 528139
1499959540 528173
1499962230 528174
1499979240 528187
1499982935 528195
1499984894 528194
1500018999 528195
1500023206 528199
1500030597 528270
1500030896 528270
1500033005 528270
1500038318 528307
1500044687 528319
1500046288 528494
1500048432 528335
1500048516 528321
1500048767 528318
1500050516 528507
1500277325 528517
1500277848 528517
1500284300 528541
1500285787 528574
1500287258 528548
1500290609 528481
1500296156 528478
1500296194 528478
1500297083 528484
1500300058 528478
1500301902 528480
1500306802 528497
1500307713 528497
1500311468 528516
1500315422 528532
1500315467 528532
1500363906 528542
1500364884 528542
1500365169 528533
1500365743 528533
1500366520 528527
1500367131 528527
1500368250 528527
1500368670 528527
1500370450 528583
1500370924 528551
1500371289 528583
1500371638 528551
1500373489 528560
1500376428 528561
1500376479 528577
1500377842 528562
1500378791 528559
1500379862 528583
1500383118 528570
1500384122 528570
1500391332 528575
1500391892 528570
1500393113 528575
1500393529 528599
1500394943 528575
1500455456 528575
1500456986 528622
1500457158 528621
1500458992 528581
1500462839 528596
1500463053 528622
1500464950 528622
1500468175 528639
1500468809 528648
1500469471 528643
1500470396 528651
1500471278 528637
1500473651 528646
1500474008 528660
1500474074 528661
1500474406 528646
1500474503 528644
1500475294 528662
1500475317 528662
1500475803 528644
1500476318 528646
1500477267 528652
1500477857 528675
1500478193 528671
1500478457 528673
1500478807 528662
1500478905 528662
1500481147 528663
1500483257 528673
1500539524 528675
1500545215 528673
1500546080 528673
1500548887 528683
1500550157 528702
1500550435 528825
1500551330 528699
1500552984 528703
1500555140 528768
1500557355 528817
1500558478 528698
1500559054 528862
1500561465 528817
1500562324 529011
1500563859 528990
1500564351 528872
1500565371 529042
1500565837 528873
1500566043 528873
1500566756 529039
1500567450 529123
1500567929 529129
1500568252 529010
1500568329 529140
1500568557 529140
1500568851 529148
1500621111 529173
1500622198 529185
1500622766 529173
1500622942 529192
1500623093 529186
1500623334 529186
1500625101 529186
1500625124 529186
1500625705 529190
1500626399 529190
1500627153 529190
1500627336 529220
1500628550 529220
1500628848 529221
1500629563 529234
1500630469 529237
1500631370 529248
1500631416 529255
1500631515 529249
1500633481 529255
1500635336 529270
1500635375 529263
1500636327 529294
1500641201 529303
1500643111 529319
1500643440 529375
1500644840 529377
1500645525 529721
1500646307 529721
1500647957 529726
1500649221 529785
1500880414 529785
1500882911 529788
1500883647 529791
1500883698 529791
1500886889 529791
1500893118 529792
1500894343 529791
1500895661 529792
1500896642 529792
1500897265 529791
1500899556 529781
1500901060 529805
1500901657 529807
1500902328 529807
1500904005 529807
1500906960 529850
1500907566 529811
1500909527 529873
1500909726 529811
1500911965 529851
1500915285 529874
1500916985 529871
1500969226 529843
1500971483 529842
1500976779 529602
1500981683 529569
1500982265 529570
1500984043 529620
1500984210 529852
1500985887 529615
1500986990 529607
1500987861 529615
1500988660 529622
1500989256 529623
1500989788 530284
1500994510 529662
1500994985 529639
1500996596 529685
1500997580 529640
1501000047 529679
1501054479 529679
1501054569 529909
1501057485 529683
1501057655 529690
1501058224 530139
1501059430 529674
1501060496 529676
1501060977 530136
1501061018 530139
1501061402 530139
1501062126 530136
1501063224 530136
1501063543 530148
1501066700 530136
1501069337 530151
1501070478 530159
1501070579 530157
1501073496 530169
1501073721 530156
1501075430 530177
1501075532 530169
1501075644 530265
1501076160 530165
1501077829 530261
1501078676 530259
1501079076 530259
1501079218 530266
1501079910 530265
1501080574 530267
1501080760 530266
1501081781 530284
1501081820 530266
1501082806 530275
1501083292 530283
1501084991 530284
1501086104 530283
1501140690 530259
1501144075 530275
1501144913 530284
1501147605 530275
1501153274 530275
1501155915 530209
1501156151 530230
1501156802 530247
1501158558 530256
1501158785 530209
1501159285 530257
1501160243 530235
1501161243 530234
1501163565 530275
1501169961 530276
1501178776 530261
1501227103 530261
1501229999 530212
1501232126 530213
1501234460 530212
1501235457 530234
1501238826 530212
1501241577 530493
1501243950 530234
1501244122 530252
1501244332 530493
1501245252 530252
1501247784 530268
1501247851 530268
1501249323 530255
1501249704 530546
1501249807 530255
1501257157 530269
1501345639 530280
1501430219 530373
1501432913 530374
1501434764 530433
1501437725 530443
1501438547 530439
1501484272 530439
1501486124 530664
1501486424 530664
1501486581 530665
1501489530 530705
1501491886 530684
1501492831 530686
1501493693 530725
1501494894 530713
1501495096 530713
1501499358 530733
1501501127 530745
1501502030 530748
1501503373 530741
1501504938 530775
1501505027 530748
1501506567 530761
1501508334 530748
1501508770 530752
1501508781 530763
1501509817 530764
1501515147 530837
1501515226 530847
1501515687 530847
1501516040 530845
1501516670 530847
1501518727 530837
1501523903 530844
1501526051 530844
1501574389 530887
1501575544 530887
1501575818 530844
1501575983 530883
1501576208 530879
1501576688 530854
1501577769 530962
1501579626 531013
1501582396 530994
1501585736 531041
1501586208 531039
1501586383 531039
1501586932 531033
1501587139 531041
1501587184 531041
1501587252 531041
1501587929 531043
1501588455 531041
1501588840 531041
1501589197 531046
1501591614 531044
1501594623 531083
1501595606 531068
1501595716 531214
1501598893 531054
1501601038 531066
1501601069 531087
1501610221 531089
1501665674 531174
1501667639 531176
1501669385 531176
1501669488 531176
1501681888 531155
1501688366 531188
1501698443 531141
1501698473 531140
1501705852 531148
1501761397 531273
1501762599 531203
1501762955 531203
1501764507 531206
1501768842 531231
1501770897 531231
1501771108 531233
1501771422 531233
1501772194 531233
1501772494 531481
1501772601 531233
1501772984 531233
1501773758 531484
1501774982 531499
1501776388 531498
1501777370 531499
1501779231 531500
1501779310 531524
1501779432 531515
1501780666 531492
1501780696 531496
1501782034 531489
1501782656 531576
1501833679 531591
1501834976 531567
1501838236 531578
1501838370 531580
1501845602 531581
1501846392 531582
1501847562 531571
1501851124 531571
1501853012 531571
1501853543 531588
1501853680 531559
1501853727 531590
1501854419 531568
1501856531 531569
1501857194 531570
1501858403 531572
1501859364 531572
1501859930 531572
1501860219 531658
1501863231 531661
1501863565 531659
1501863927 531666
1502091330 531737
1502092526 531737
1502092922 531737
1502093142 531737
1502095310 531744
1502095648 531745
1502098928 531751
1502100863 531709
1502107043 531772
1502107391 531773
1502108046 531795
1502109767 531800
1502116785 531828
1502129922 531985
1502134508 531985
1502178067 532002
1502178402 532002
1502185007 531974
1502185184 531974
1502186796 531995
1502189923 532035
1502190267 531995
1502192942 532038
1502193642 531994
1502194045 531998
1502196151 532013
1502196489 532016
1502197490 532016
1502197837 532016
1502199425 532032
1502199487 532032
1502201350 532034
1502206128 532130
1502206437 532128
1502275175 532052
1502275378 532134
1502275892 532053
1502280062 532053
1502289168 532907
1502290938 532053
1502292233 532069
1502293042 532073
1502293738 532877
1502294979 532893
1502348535 532894
1502353492 532910
1502373995 532922
1502378523 532925
1502433890 532925
1502443773 532954
1502444135 533602
1502446028 533306
1502448535 533603
1502449038 533597
1502449186 533595
1502452491 533595
1502452883 533607
1502453083 533603
1502453439 533603
1502460899 533603
1502462699 533614
1502463168 533603
1502463423 533614
1502463892 533615
1502464115 541685
1502464332 541685
1502465740 541683
1502490870 541683
1502491728 542452
1502569432 545884
1502570262 546803
1502574846 546809
1502618334 546806
1502640863 546940
1502645472 546985
1502651777 547032
1502652183 547032
1502666746 547052
1502695449 547052
1502695587 547052
1502699327 547056
1502699796 547056
1502703220 547056
1502704253 547071
1502705864 547060
1502708194 545789
1502708626 545802
1502709436 545803
1502709662 545803
1502712030 544365
1502713019 536212
1502715257 536924
1502716082 536924
1502717405 537247
1502720386 537195
1502720707 536948
1502722237 537124
1502723476 536946
1502723728 537126
1502725613 537127
1502726680 537163
1502727162 537164
1502727293 537164
1502727456 537127
1502781700 537183
1502783109 537189
1502785291 537189
1502787625 537189
1502788514 537188
1502789410 537191
1502797148 537196
1502798935 537332
1502799681 537332
1502801071 537323
1502802327 537323
1502804749 537246
1502810213 537243
1502810748 538525
1502811057 537253
1502811594 537543
1502812966 537634
1502813639 537647
1502814185 537632
1502815150 537627
1502816690 537627
1502866994 537647
1502868437 537655
1502873798 537734
1502880322 537734
1502881427 537735
1502881748 537752
1502884830 538035
1502886478 538103
1502888194 538139
1502889556 538143
1502890562 538142
1502891827 538146
1502892366 538143
1502894491 538172
1502895091 538146
1502895175 538146
1502895891 538146
1502896104 538155
1502896307 538179
1502896421 538146
1502899968 538195
1502900912 538265
1502955495 538265
1502957313 538251
1502957406 538261
1502959400 538296
1502959984 538296
1502963436 538441
1502964148 538441
1502968088 538441
1502970805 538441
1502970881 538453
1502971091 538453
1502971866 538454
1502972182 538442
1502972524 538455
1502973340 538453
1502974220 538505
1502974572 538506
1502975230 538525
1502976794 538525
1502977086 538467
1502977452 538468
1502978427 538517
1502979502 538526
1502981283 538528
1502983186 538541
1502983254 538541
1502985377 538575
1502987908 538598
1502990276 538644
1502996651 538729
1503001622 538729
1503041227 538721
1503041431 538721
1503041886 538725
1503042005 538726
1503042975 538719
1503044002 538730
1503044031 538730
1503046350 538725
1503047902 538726
1503048441 539241
1503048541 539241
1503048740 539241
1503052300 539241
1503053004 539239
1503053504 539241
1503057017 539239
1503057899 539247
1503058459 539247
1503060247 539287
1503060425 539286
1503060617 539272
1503061799 539292
1503062207 539247
1503063107 539305
1503063643 539152
1503063682 539161
1503064752 539561
1503065282 539563
1503065292 539705
1503065361 539172
1503066284 539705
1503066572 539697
1503066975 539751
1503067166 539167
1503068092 539705
1503068350 539749
1503069021 539750
1503069070 539796
1503070210 539822
1503070335 539796
1503072310 539804
1503072378 539821
1503074548 540018
1503153105 540020
1503162165 540023
1503300195 540027
1503301848 540018
1503302299 540018
1503302484 540018
1503304814 540031
1503306208 540031
1503307526 540035
1503307894 540034
1503308936 540037
1503310121 540041
1503310635 540041
1503311335 540050
1503316079 540055
1503316973 540131
1503317034 540132
1503319348 540068
1503321564 540068
1503322580 540077
1503323843 540086
1503323937 540086
1503324093 540086
1503324155 540086
1503326337 540101
1503326627 540086
1503328043 540115
1503329321 540079
1503329678 540101
1503329724 540102
1503329872 540101
1503329979 540639
1503330434 540115
1503332388 540639
1503334661 540641
1503391450 540641
1503393999 540878
1503394169 540890
1503400937 540889
1503401005 540892
1503401838 540884
1503402488 540883
1503406147 540883
1503406402 540885
1503406854 541101
1503406909 541098
1503407072 541147
1503408793 540884
1503408825 541059
1503408975 541070
1503409363 541071
1503409410 541063
1503413498 541178
1503414419 541179
1503414483 541097
1503419063 541180
1503419590 541180
1503419646 541266
1503441244 541266
1503446467 541360
1503446770 541365
1503473737 541398
1503474111 541365
1503475621 538567
1503475903 541388
1503478375 541542
1503478428 541551
1503479248 541433
1503481738 541537
1503484621 538600
1503485429 538565
1503485684 538600
1503485755 538607
1503485967 538580
1503487237 538600
1503488427 538667
1503490062 538607
1503490090 538615
1503490913 538627
1503490926 538624
1503491199 538667
1503494740 538957
1503497597 538642
1503499524 538652
1503499625 539010
1503499861 538647
1503499970 538647
1503500340 538645
1503500558 538644
1503500982 538645
1503502889 539022
1503512716 539017
1503566721 539073
1503567013 539073
1503568115 539073
1503568392 539060
1503575315 539059
1503576767 539108
1503577455 539087
1503581655 539076
1503581753 539275
1503584427 539275
1503586234 539287
1503587281 539404
1503587452 539404
1503588786 539405
1503589052 539405
1503590277 539407
1503592253 539408
1503604757 539408
1503604792 539408
1503605781 539409
1503606507 539411
1503645894 539411
1503646348 539411
1503647820 538012
1503647843 538019
1503648206 539411
1503650404 537824
1503651952 537815
1503653027 537866
1503654532 537851
1503660884 537852
1503662842 537852
1503662882 537850
1503663175 537850
1503663352 537848
1503664582 537848
1503664613 537862
1503665613 537878
1503666265 537872
1503667944 537993
1503670392 538018
1503670643 538036
1503670774 538036
1503671282 538018
1503672208 538018
1503672766 538029
1503673972 538038
1503675139 538041
1503676836 538041
1503757924 538296
1503836494 538252
1503860591 538473
1503861611 538330
1503862745 538345
1503879219 538375
1503903294 538375
1503907739 538375
1503914156 538513
1503914356 538512
1503918228 538574
1503918476 538584
1503918887 538592
1503920241 538593
1503920275 538612
1503920454 538686
1503920526 538687
1503920956 538692
1503923979 538705
1503925041 538725
1503925732 538715
1503926253 538727
1503926926 538732
1503926981 538594
1503927957 538651
1503928883 538594
1503929014 538651
1503929357 538651
1503929849 538656
1503930257 538654
1503930693 538775
1503931256 538775
1503931558 538774
1503932090 538779
1503933124 538790
1503933609 538788
1503936343 538790
1503937203 538790
1503956763 538789
1503991583 538789
1503991673 538794
1503993281 538796
1503993554 538796
1503994032 538800
1503994790 538675
1503995689 538675
1503996599 538670
1503999009 538695
1503999164 538698
1503999475 538766
1504004052 538794
1504004219 538788
1504006524 538788
1504006532 538785
1504007144 538785
1504008508 538798
1504009172 538813
1504009207 538815
1504010050 538815
1504011605 538851
1504012744 538815
1504012951 538847
1504013723 538878
1504013837 538878
1504014164 538882
1504014355 539031
1504017327 539031
1504021355 538969
1504021964 538971
1504080770 539060
1504081089 539040
1504081652 539048
1504082700 539058
1504085747 539058
1504093563 539063
1504094124 539063
1504098348 539136
1504099372 539171
1504099501 539173
1504099737 539209
1504100596 539224
1504102097 539169
1504103445 539175
1504103510 539175
1504106161 540540
1504106651 539175
1504108817 539320
1504116788 540476
1504117801 540488
1504119528 540528
1504122775 540540
1504164219 540544
1504164567 540565
1504164594 540565
1504165195 540574
1504165363 540574
1504182109 540577
1504191155 540580
1504191750 540584
1504192112 540542
1504192144 540543
1504192841 540544
1504193481 540575
1504193756 540577
1504198236 540602
1504248707 540604
1504251699 540605
1504251736 540606
1504252498 540610
1504262296 540535
1504263607 540612
1504265864 540679
1504267200 540679
1504268359 540703
1504269140 540708
1504269922 540538
1504269982 540529
1504269996 540578
1504274344 540618
1504275053 540607
1504276332 540608
1504277273 540614
1504277340 540629
1504278209 540629
1504278708 540648
1504279410 540706
1504279506 540839
1504279540 540937
1504279560 541169
1504279608 540648
1504280729 541191
1504283191 541193
1504350557 541193
1504510066 541193
1504513923 541192
1504514003 541190
1504514385 541190
1504515203 541195
1504515457 541195
1504517537 541192
1504521329 541192
1504528526 541216
1504529411 541394
1504529476 541293
1504529501 541303
1504529533 541308
1504530009 541276
1504532240 541308
1504533188 541310
1504536138 541316
1504538242 541331
1504538772 541332
1504540977 541333
1504541064 541337
1504542681 541337
1504545326 541357
1504553935 541418
1504590603 541418
1504596637 541420
1504599033 541423
1504599941 541432
1504601107 541432
1504601914 541442
1504603728 541466
1504603832 541466
1504604951 541471
1504607655 541455
1504609589 541478
1504611818 541549
1504612151 541550
1504615319 541480
1504615649 541481
1504616810 541479
1504617465 541549
1504617743 541555
1504620107 541570
1504642305 541569
1504645839 541577
1504683554 541568
1504685632 541569
1504686797 541569
1504694880 541570
1504695688 541571
1504697174 541580
1504699597 541580
1504700557 541584
1504707045 541584
1504707725 541584
1504708018 541584
1504708231 541606
1504708293 541606
1504709071 541584
1504710455 541613
1504712006 541613
1504712414 541621
1504712891 541623
1504713043 541613
1504767558 541619
1504769630 541623
1504769859 541623
1504769912 541625
1504776772 541627
1504778137 541136
1504785761 541169
1504785832 541253
1504787268 541341
1504789054 541342
1504789522 541264
1504789808 541254
1504791346 541300
1504793350 541304
1504795702 541530
1504795932 541370
1504796343 541345
1504796631 541341
1504799315 541355
1504799391 541371
1504799652 541371
1504800005 541414
1504812877 541416
1504858558 541414
1504859196 541415
1504861624 541425
1504863110 541420
1504863604 541543
1504865896 541597
1504867391 541621
1504869300 541621
1504869619 541627
1504870088 541648
1504872045 541680
1504872194 541672
1504874398 541685
1504876297 542221
1504879097 541679
1504882242 541679
1504882300 542250
1504882305 541662
1504882591 542079
1504882917 542079
1504883148 542081
1504883735 542139
1504883737 542079
1504883832 542077
1504884180 542359
1504886187 542359
1504887357 542382
1504887399 542382
1505063832 542382
1505078977 540895
1505079314 540878
1505117732 540888
1505122263 540888
1505124058 540900
1505124073 540888
1505130617 540898
1505131549 540715
1505131850 540727
1505132846 540727
1505133057 540727
1505133118 540727
1505134290 540734
1505135052 539528
1505135293 539528
1505136537 538532
1505136580 537753
1505136739 537753
1505137483 537756
1505138736 537756
1505141547 537762
1505142067 537959
1505142175 537809
1505142909 537883
1505143872 537912
1505144386 537948
1505144431 537965
1505145401 537964
1505145736 537964
1505145763 537965
1505148811 537970
1505151775 537999
1505200669 537999
1505201749 537999
1505204583 537999
1505204873 537998
1505208556 538002
1505209230 538006
1505210298 538007
1505212200 538010
1505213086 538018
1505213112 538020
1505217902 538040
1505218389 538070
1505220281 538088
1505220561 537996
1505221246 538016
1505221711 538004
1505225037 538005
1505225682 538005
1505225981 538005
1505229160 538039
1505229435 538016
1505230250 538038
1505231929 538038
1505234065 538034
1505234402 538035
1505242572 538035
1505284980 538036
1505285417 538036
1505285963 538045
1505288995 538050
1505291469 538051
1505293060 538044
1505293293 538042
1505293848 538034
1505299378 538044
1505302913 538045
1505310757 538055
1505399102 538065
1505400218 538071
1505401118 538071
1505401644 538090
1505404249 538091
1505459914 538106
1505461788 538104
1505471985 538110
1505475350 538118
1505499312 538185
1505569001 538186
1505721065 538171
1505723540 538316
1505725360 538318
1505726043 538318
1505726144 538318
1505727036 538437
1505727069 538436
1505727811 538436
1505728345 538436
1505733114 538436
1505735857 538099
1505742430 538200
1505743708 538231
1505749706 538334
1505791972 538334
1505793065 538334
1505806471 538335
1505812903 538335
1505831621 538352
1505833292 538713
1505835161 538728
1505835207 538727
1505839869 539438
1505840676 539439
1505845642 539457
1505855475 539457
1505855535 539457
1505855634 539448
1505855665 539437
1505892660 539437
1505894989 539466
1505896881 539466
1505908505 539477
1505908900 539488
1505909148 539480
1505911043 539479
1505913643 539549
1505914801 539572
1505918749 539568
1505919896 539566
1505922767 539566
1505937714 539681
1505980562 539700
1505981475 539699
1505983515 539738
1505983526 539738
1505983702 539739
1505984945 539739
1505985457 539749
1505985953 539748
1505987246 539767
1505993667 540110
1505996119 539734
1506003244 539721
1506003593 539752
1506005851 540108
1506006244 540119
1506007288 539763
1506010534 540127
1506011991 540129
1506019629 540136
1506021145 540163
1506064829 540164
1506067198 540180
1506067253 540192
1506067905 540164
1506067941 540165
1506068587 540192
1506068955 540165
1506072390 540185
1506072423 540249
1506072856 540252
1506073530 540261
1506074091 540288
1506080972 540288
1506081163 540287
1506081364 540301
1506082090 540301
1506082279 540301
1506082685 540345
1506082799 540344
1506082867 540345
1506083528 540345
1506084093 540351
1506084175 540363
1506090223 540363
1506090631 540363
1506326813 540513
1506326849 540577
1506327036 540602
1506343722 540672
1506344420 540672
1506344830 540671
1506346471 540798
1506350395 540805
1506350409 540815
1506350438 540832
1506350457 540849
1506350858 540855
1506366529 540855
1506373199 540855
1506411642 540794
1506423849 540794
1506425651 540794
1506432684 540790
1506435201 540794
1506436661 540794
1506441522 540820
1506495243 540822
1506502103 540827
1506502172 540826
1506504408 540826
1506505178 540805
1506527256 540805
1506670042 540807
1506676316 540807
1506700281 540808
1506700340 540830
1506783355 540845
1506932093 540862
1506932597 540846
1506933448 540862
1506934601 540870
1506935277 540872
1506936467 540872
1506936613 540892
1506938597 540901
1506938723 540901
1506942848 540916
1506943816 540916
1506944482 540916
1507011137 540916
1507014201 540928
1507015730 540932
1507017999 540928
1507019818 540932
1507021691 540942
1507022041 540948
1507022811 540901
1507031811 540901
1507032636 540911
1507033756 540993
1507033882 540911
1507034234 541011
1507034646 540993
1507036932 541027
1507037259 541026
1507038621 541026
1507039926 541029
1507042135 541034
1507098564 541033
1507110251 541160
1507110576 541161
1507110652 541171
1507111114 541160
1507115112 541177
1507115171 541182
1507115267 541263
1507115884 541262
1507123387 542015
1507130091 542016
1507130159 542021
1507184393 542019
1507184783 542018
1507185197 542019
1507192442 542075
1507204293 542076
1507208429 542163
1507209734 542374
1507212554 542163
1507213687 542212
1507215825 542212
1507215869 542284
1507216425 542387
1507219076 542349
1507224352 542396
1507275161 542403
1507275404 542403
1507276326 542403
1507276541 542569
1507278014 542530
1507278239 542547
1507278331 542566
1507281872 542564
1507619404 542956
1507709534 543007
1507711053 543003
1507711400 543003
1507712666 543010
1507719840 543006
1507722283 543016
1507722849 543016
1507724932 543025
1507729020 543026
1507731045 544035
1507733223 544039
1507736023 544426
1507748604 544444
1507802354 544624
1507804602 544010
1507814035 544013
1507822098 544038
1507824451 544040
1507824748 543824
1507825670 543809
1507836666 543904
1507877655 543826
1507882162 543826
1507883782 543835
1507887576 543835
1507887593 543841
1507887615 543837
1507887737 543889
1507887800 543998
1507889985 543901
1507890011 543898
1507892568 543908
1507893289 544097
1507894722 544144
1507895280 544142
1507905083 544183
1507905499 544204
1507907217 544240
1507907253 544248
1507907328 544254
1507907363 544264
1508143507 544264
1508146168 544268
1508147466 544272
1508154428 544306
1508156449 544310
1508158847 544312
1508158985 543902
1508164079 544091
1508165549 544095
1508165576 544095
1508165726 544363
1508165746 544379
1508165788 544392
1508165830 544493
1508168986 545712
1508185334 544151
1508224970 545713
1508225878 544153
1508226540 544151
1508227276 544287
1508228183 544288
1508233277 544294
1508233824 544358
1508234748 544364
1508241402 544556
1508241478 544556
1508242132 544512
1508242279 544513
1508246961 544553
1508247068 544553
1508247220 544608
1508247254 545647
1508247755 544582
1508247806 544596
1508248144 544595
1508248553 544598
1508249735 544608
1508249927 544602
1508252109 544624
1508255021 544729
1508255399 545625
1508256247 544729
1508257822 544725
1508261198 545639
1508264886 545688
1508268534 545689
1508324412 545689
1508324953 545689
1508326287 545683
1508330154 545700
1508331594 545822
1508332430 545714
1508332448 545714
1508332985 545716
1508333309 545716
1508333348 545717
1508333870 545757
1508335465 545892
1508335512 545750
1508335841 545717
1508337007 545892
1508337056 545892
1508337739 545764
1508341224 545902
1508394854 545902
1508394876 545901
1508400506 546276
1508405631 545905
1508406562 545900
1508411170 545933
1508414433 545933
1508414521 545934
1508414544 545913
1508414580 545992
1508415902 545992
1508417292 546090
1508433066 546126
1508433461 546147
1508433729 546160
1508489408 546160
1508497139 546159
1508498397 546160
1508507671 546199
1508508902 546195
1508509555 546199
1508510171 546199
1508510190 546199
1508510228 546205
1508510281 546273
1508510598 543471
1508512972 543475
1508518213 543471
1508693921 543438
1508702299 543438
1508702629 543518
1508702970 543520
1508740788 543520
1508741202 543519
1508741217 543523
1508745174 543503
1508746471 543504
1508752040 543505
1508753502 543503
1508753795 543503
1508754355 543503
1508756248 543503
1508758531 543538
1508759676 543538
1508759739 543538
1508768711 543574
1508769143 543695
1508769915 543695
1508834359 543725
1508838034 543727
1508847862 543728
1508847920 543726
1508848639 543727
1508848775 543727
1508849494 543726
1508849613 543767
1508850617 543767
1508851217 543767
1508851350 543767
1508853781 543765
1508853807 543774
1508853829 543782
1508857420 543787
1508864756 543786
1508919931 543941
1508924806 543868
1508925599 543954
1508933841 543954
1508933868 543938
1508933938 543938
1508933974 543975
1508935406 543985
1508935483 543981
1508935862 543985
1508937300 543984
1508942706 543985
1508942738 544287
1508943576 544286
1508944314 544454
1509018698 545877
1509031064 544807
1509031338 544815
1509034367 544815
1509035470 545841
1509038873 544945
1509044640 544945
1509045804 544945
1509085300 545035
1509087355 545038
1509096533 545030
1509096544 545032
1509096569 545037
1509096616 545036
1509096659 545030
1509101333 544957
1509105431 544982
1509106910 544959
1509109616 544982
1509109757 544988
1509109831 544976
1509109949 544985
1509109968 544984
1509111253 544984
1509115430 545781
1509116831 545743
1509118791 545756
1509119020 545756
1509123389 545842
1509124468 545842
1509124575 545875
1509347989 545874
1509352203 545886
1509352213 545866
1509352222 545884
1509354371 545890
1509370700 545833
1509379072 545836
1509379084 545841
1509379095 545837
1509379115 545840
1509379129 545845
1509379142 545845
1509379150 545877
1509381063 545902
1509403455 545902
1509438126 545945
1509443315 545876
1509444923 545945
1509444989 545965
1509445131 545879
1509446204 545965
1509446373 545944
1509455783 545954
1509457997 545957
1509458035 545882
1509458189 545883
1509467095 545881
1509483317 545879
1509485826 545879
1509523023 545877
1509527772 545848
1509527824 545876
1509537880 545879
1509550448 545878
1509550475 545885
1509550494 545885
1509550522 545889
1509550545 545892
1509557208 546051
1509567829 546059
1509590243 546218
1509645699 546223
1509659267 546222
1509695172 546184
1509700431 546178
1509702098 546172
1509703221 546170
1509709708 546177
1509713194 546177
1509713764 546174
1509715298 546166
1509723449 546176
1509723482 546176
1509960063 546200
1509974705 546216
1509975835 546217
1509976710 546226
1510066221 546290
1510094966 546305
1510145482 546304
1510147555 546303
1510151385 546334
1510151917 546362
1510154031 546373
1510154779 546525
1510157873 546525
1510159572 546533
1510222671 546533
1510224813 546548
1510241348 546733
1510242388 546560
1510248315 546550
1510248787 546550
1510304338 546595
1510310661 546595
1510317395 546606
1510324243 546606
1510326288 546716
1510328923 546741
1510330183 546741
1510348696 546820
1510402425 546726
1510558684 546730
1510569504 546733
1510575685 547023
1510576045 547025
1510576117 547025
1510578744 547320
1510579157 547026
1510580343 547198
1510585990 547214
1510588406 547214
1510589739 547214
1510589763 547220
1510589837 547221
1510594601 547227
1510601108 547229
1510602155 547320
1510608192 547319
1510649943 547355
1510650548 547368
1510650998 547358
1510653899 547381
1510654296 547382
1510655278 547382
1510659559 547382
1510660390 547390
1510661737 547441
1510662006 547441
1510662844 547441
1510662902 547441
1510663712 547440
1510664678 547440
1510666867 547441
1510672169 547441
1510672991 547441
1510675415 546695
1510675426 546645
1510675766 546648
1510676960 546671
1510678347 546679
1510679361 546683
1510735777 546687
1510738161 546687
1510741942 546687
1510747886 546865
1510747908 546865
1510748623 546865
1510753493 546866
1510761364 546894
1510761995 546896
1510762330 546897
1510762522 546925
1510769745 546263
1510822179 546263
1511173859 546263
1511175217 546301
1511176519 546289
1511179238 546290
1511186503 546302
1511186790 546297
1511189407 546298
1511189561 546308
1511190706 546311
1511194079 546539
1511208768 546537
1511254423 546537
1511257257 546540
1511259729 546584
1511277045 546599
1511281080 547932
1511282781 547931
1511283020 547945
1511338151 547947
1511338924 547952
1511339800 547962
1511342357 547968
1511346644 547968
1511348666 547968
1511352555 547974
1511359902 547966
1511362335 547966
1511366397 547975
1511431456 547975
1511431787 547955
1511442687 547956
1511443780 547960
1511443954 547962
1511446445 548023
1511449135 548025
1511449371 548046
1511450515 547959
1511450582 548045
1511451816 547843
1511451844 548091
1511453640 547881
1511470050 547881
1511471432 547819
1511472877 547818
1511477295 547866
1511478212 547898
1511479392 547909
1511509143 547867
1511515127 547867
1511529160 547868
1511557061 547868
1511557755 547893
1511561260 547894
1511775780 547356
1511778350 547356
1511778662 547366
1511779139 547452
1511785338 547485
1511789481 547485
1511789542 548306
1511791141 548306
1511864172 548306
1511874070 548340
1511874279 548349
1511875000 548346
1511878355 548443
1511882702 548588
1511883847 548584
1511884793 548670
1511884803 548666
1511885239 548797
1511885869 548797
1511886904 548888
1511906254 548902
1511908173 548909
1511943817 548910
1511945363 548915
1511946270 548915
1511952939 548915
1511957874 548915
1511960165 548916
1511961110 548916
1511961942 548919
1511962266 548919
1511963557 548919
1511965874 548919
1511967662 548898
1511967667 548899
1511967762 548900
1511969809 548899
1511971573 548914
1511971700 548929
1512029970 548909
1512037188 548909
1512037352 548909
1512055140 548909
1512057337 548909
1512058506 548909
1512064993 548989
1512120111 549004
1512121815 549001
1512123511 549001
1512124041 549001
1512126408 549015
1512130016 549027
1512130227 549027
1512385217 548852
1512398337 549146
1512473417 550644
1512473554 550644
1512506275 550687
1512558982 550688
1512570216 550708
1512578377 550709
1512583830 550702
1512584522 550703
1512593083 550703
1512623087 550703
1512623097 550702
1512639979 551300
1512640938 551035
1512641268 551743
1512642500 551733
1512643446 551739
1512645886 551732
1512648572 551732
1512655836 551737
1512657686 551737
1512662361 552455
1512662440 552481
1512662702 552471
1512663770 551865
1512664397 551874
1512665158 551874
1512665903 551874
1512675878 552865
1512729851 552722
1512730606 552715
1512744697 552888
1512744925 552715
1512745817 552865
1512746753 552888
1512747901 552888
1512748093 552862
1512754158 553023
1512771939 552916
1512776307 553020
1512855891 553026
1512992490 553026
1513000138 553021
1513002393 553021
1513061004 553039
1513069943 553019
1513075020 553025
1513075981 553022
1513081265 552967
1513085704 556828
1513088279 556745
1513088548 556746
1513091994 556742
1513092752 556791
1513115285 556818
1513116461 556819
1513163365 556819
1513166568 556836
1513173944 557350
1513174008 557350
1513256991 557351
1513261934 557359
1513265638 557357
1513324442 557357
1513338799 557364
1513341903 557371
1513353617 557366
1513445983 557372
1513449136 557303
1513470123 557317
1513545906 558406
1513546145 558309
1513589980 558353
1513598810 558357
1513603578 558357
1513604369 558357
1513608550 558358
1513610344 558358
1513610414 551117
1513611585 558358
1513612175 558361
1513670229 551117
1513674748 558394
1513675181 558396
1513681198 558402
1513681930 558439
1513687451 558447
1513694996 558470
1513697050 558470
1513699861 558472
1513700240 558496
1513702915 558496
1513758164 558487
1513760256 558491
1513765447 558494
1513766619 558494
1513774607 558499
1513775154 558499
1513776767 558500
1513777308 558490
1513777645 558491
1513778486 558496
1513779957 558495
1513780868 558517
1513781500 558515
1513782344 558513
1513782601 558518
1513784351 558520
1513785227 558520
1513785831 558520
1513788429 558503
1513847595 558503
1513848096 558503
1513853036 558505
1513857517 558508
1513857968 558590
1513861466 558592
1513862467 558581
1513863468 558583
1513870919 558585
1513936019 558629
1513938740 558649
1513945715 558647
1513947231 558647
1513950321 558647
1513954144 558650
1514396451 558712
1514447287 558713
1514468467 558714
1514535221 558714
1514536537 558714
1514884963 558666
1514885898 558676
1514885922 558672
1514885981 558670
1514889149 550887
1514889509 550850
1514893738 550891
1514894256 550875
1514896030 550887
1514896072 550882
1514902989 550884
1514904341 550883
1514904409 550883
1514905258 550891
1514905885 550867
1514906013 550869
1514906691 550872
1514906752 550872
1514969374 550872
1514970866 550873
1514971217 550872
1514975851 550874
1514977268 550875
1514978140 550896
1514979664 550896
1514979686 550895
1514981059 550870
1514983897 550869
1514983976 550879
1514985061 550880
1514987892 550855
1514990504 550857
1514991644 550863
1514991674 550869
1514992618 550914
1514994817 550940
1515064903 550941
1515077986 550942
1515080729 551016
1515080827 551025
1515147203 551025
1515147372 551140
1515147858 551131
1515147888 551151
1515148333 551140
1515151150 551140
1515153875 551170
1515155004 551199
1515157135 551170
1515157328 551185
1515159041 551179
1515163772 551179
1515179251 551181
1515180789 551180
1515181667 551185
1515181698 551185
1515236460 551191
1515238985 551210
1515321172 551208
1515321891 551198
1515408045 551199
1515514135 551281
1515572167 551285
1515601296 551285
1515601299 551324
1515601485 551502
1515602848 551563
1515654704 551567
1515667292 551557
1515682571 551558
1515751164 551556
1515752291 551575
1515762123 551576
1515762588 551587
1515770545 551583
1515777335 551595
1515845226 551641
1515859991 551597
1515876638 551566
1515884139 551561
1515924340 551561
1515947157 551558
1516005757 551573
1516014965 551606
1516020961 551605
1516022601 551605
1516027374 551624
1516091778 551768
1516094196 551783
1516095422 551771
1516096225 551768
1516097110 551774
1516105919 551776
1516106286 551783
1516109922 551782
1516110215 551789
1516110766 551792
1516116443 551792
1516117038 551792
1516178294 551790
1516178415 551786
1516178461 551795
1516180950 551795
1516186897 551795
1516187106 551795
1516189770 551797
1516192685 551797
1516193813 551797
1516194317 551804
1516196461 551807
1516205197 553667
1516259611 553667
1516264946 553669
1516289699 553670
1516351342 553671
1516357855 553703
1516371906 553708
1516371966 553720
1516378559 553721
1516378727 553721
1516627385 553721
1516628276 556151
1516629420 556151
1516631619 556176
1516632325 556178
1516637622 556214
1516696726 556269
1516703122 556265
1516709529 556269
1516712441 556323
1516712513 556326
1516715454 556410
1516715617 556162
1516716516 556180
1516720410 556611
1516721203 556616
1516721343 556616
1516721472 556673
1516721497 556681
1516721534 556666
1516721626 556654
1516721693 556673
1516722157 556671
1516723538 556686
1516725757 556840
1516729984 557086
1516730857 557410
1516743989 556892
1516782451 556900
1516782631 556900
1516789660 556902
1516791490 556934
1516794627 557507
1516795226 557512
1516795334 556936
1516796852 557620
1516797909 557494
1516802838 557494
1516803185 557541
1516809223 557727
1516811010 557847
1516815974 557879
1516820334 557974
1516884501 557974
1516884536 558225
1516885115 558243
1516886276 558242
1516886892 558310
1516886931 558239
1516887160 558239
1516892494 558259
1516895038 558263
1516896366 558289
1516896929 558289
1516899391 558603
1516900266 558408
1516902501 558605
1516902642 558530
1516913480 558611
1516950411 558610
1516957531 558626
1516958634 558736
1516971727 558880
1516975672 559224
1516977667 559231
1516977754 559431
1516979271 559505
1516982598 559485
1516984335 559574
1516986816 560020
1517211827 559574
1517219381 559662
1517230991 559217
1517231333 559216
1517234430 559255
1517235253 559216
1517237698 559256
1517239465 559270
1517239533 559255
1517239570 559789
1517241625 559799
1517242310 559980
1517242438 560345
1517243411 559981
1517243597 559516
1517299005 559992
1517307047 559516
1517307320 559523
1517307811 559643
1517308025 559643
1517308297 559643
1517310193 559643
1517319567 559716
1517321494 559895
1517321650 560389
1517322047 559917
1517323235 560623
1517323341 560611
1517324305 560612
1517324318 560641
1517328970 560954
1517329681 560954
1517331203 560970
1517331516 560924
1517340185 560977
1517390009 561001
1517394733 561069
1517394873 561070
1517401731 561138
1517407219 561030
1517407338 561138
1517407839 561669
1517407931 561138
1517408435 561106
1517408559 561141
1517409323 561201
1517410085 561135
1517410436 560868
1517410751 560743
1517411130 561929
1517411926 561143
1517412304 560934
1517414607 560937
1517415099 561142
1517415410 560938
1517416010 561148
1517416096 561917
1517417357 561920
1517417772 561935
1517417825 562422
1517417844 562431
1517430301 562446
1517431242 562446
1517431434 562450
1517435255 562487
1517438375 562454
1517474709 562470
1517474715 562461
1517485721 562470
1517493852 562567
1517496930 562568
1517496947 562565
1517497939 562648
1517499795 562837
1517501430 562872
1517503726 562872
1517560245 562907
1517564420 562847
1517574640 562926
1517576087 562927
1517576150 562926
1517577209 563017
1517577252 563017
1517577393 563017
1517581082 563048
1517581346 563397
1517582571 563497
1517585325 563509
1517818108 563527
1517821159 563527
1517823110 563526
1517823264 563549
1517828741 563526
1517828789 563500
1517832276 563620
1517836983 564621
1517837277 563626
1517840671 563627
1517841727 564784
1517843412 563958
1517846131 564337
1517846290 564744
1517858977 564747
1517859590 564746
1517861658 564758
1517905196 564765
1517907364 564737
1517908730 564734
1517908763 564749
1517909662 564606
1517913928 566096
1517918815 564843
1517920545 564935
1517923205 564935
1517929712 564946
1517931316 565701
1518003560 566104
1518003663 565700
1518003691 566391
1518007985 565700
1518011151 566395
1518016111 565784
1518021483 566395
1518021500 565857
1518021629 566518
1518021684 565856
1518023450 566506
1518023854 566103
1518027162 566529
1518028424 566530
1518086448 566532
1518100231 566532
1518105127 566609
1518110769 566601
1518197016 566860
1518199132 566956
1518427214 566963
1518431171 566981
1518440344 566981
1518443256 567397
1518444102 567403
1518450759 567076
1518506125 567084
1518510116 567170
1518533818 567275
1518538043 567301
1518596306 567301
1518597263 567400
1518598553 567408
1518598841 567452
1518599084 567454
1518601528 567459
1518601726 567461
1518601831 567461
1518602067 567465
1518606386 567465
1518607610 567485
1518610796 567484
1518615233 567525
1518615897 567546
1518618009 567554
1518623053 570510
1518623898 570212
1518623997 570650
1518625365 570644
1518626329 570641
1518628165 570213
1518631490 570422
1518687021 570423
1518689471 570423
1518690084 570424
1518690421 570411
1518691575 570468
1518696240 570409
1518700732 570385
1518708679 570469
1518709117 570464
1518723956 570469
1518770155 570464
1518771606 570443
1518774843 570440
1518775102 570469
1518775279 570500
1518777252 570524
1518777803 570473
1518777988 570473
1518778060 570473
1518783242 570477
1518787168 570531
1518787484 570563
1518788013 570571
1518788123 570572
1518788316 570572
1518788838 570572
1518789147 570573
1518791055 570809
1518792725 570580
1518796379 570681
1518957519 570713
1518969786 570737
1519031931 570775
1519033484 570787
1519035731 570801
1519036020 570790
1519036946 570793
1519037082 570809
1519040138 570925
1519044627 570905
1519048945 570902
1519050509 571060
1519052310 571262
1519052321 571272
1519053470 571272
1519053925 571272
1519053954 571324
1519055787 571321
1519061721 571358
1519063674 571318
1519064135 571461
1519065323 571452
1519116676 572412
1519122928 571428
1519128382 571430
1519129516 571366
1519131259 571463
1519135069 571440
1519136581 571524
1519139048 571523
1519139442 571529
1519141473 571498
1519142513 572629
1519143202 571513
1519143755 571771
1519150436 572122
1519202574 572211
1519205223 572153
1519205904 572163
1519205984 572164
1519208957 572296
1519209692 572402
1519212589 572296
1519213339 572297
1519218455 572306
1519218522 572316
1519219524 572471
1519219820 572308
1519220966 572396
1519223617 572400
1519223679 572502
1519224369 572507
1519225294 572507
1519227772 572510
1519228250 572510
1519231410 572546
1519234709 572399
1519235797 572884
1519240069 572889
1519244743 572897
1519286280 572879
1519287225 572895
1519290104 572896
1519298626 572896
1519306249 572896
1519306300 572904
1519306861 572988
1519308954 572984
1519311351 572988
1519312690 572987
1519314499 573156
1519317558 573167
1519320429 573241
1519320468 573241
1519322932 573291
1519322995 573290
1519323061 573290
1519326992 573297
1519376279 573330
1519378526 573338
1519380588 573477
1519386042 573671
1519386086 573601
1519386259 573601
1519387088 573603
1519388888 573596
1519389026 573593
1519390974 573605
1519391099 573675
1519394317 573682
1519397658 573727
1519397806 573727
1519399741 573938
1519400488 573966
1519401118 573986
1519401526 573941
1519403255 573965
1519403644 574012
1519404071 574012
1519576272 574018
1519583131 574037
1519583457 574038
1519633951 574065
1519634341 574040
1519634679 574324
1519635261 574066
1519639434 574087
1519640778 574087
1519640790 574101
1519641094 574101
1519641372 574101
1519648849 574284
1519648856 574327
1519650333 574327
1519655933 574327
1519656056 574332
1519656189 574456
1519656329 574460
1519659137 574477
1519660791 574493
1519661717 574493
1519662425 574503
1519662634 574509
1519665537 574644
1519670257 574647
